-,-,-
498, 413, 1237
665, 537, 876
683, 614, 705
667, 478, 1044
656, 418, 962
656, 418, 962
638, 299, 842
642, 228, 990
619, 249, 924
615, 142, 797
615, 142, 797
586, -136, 882
549, -267, 969
414, -312, 922
297, -346, 932
212, -433, 915
131, -553, 894
131, -553, 894
35, -627, 986
-25, -724, 1006
-108, -765, 1066
-190, -781, 998
-224, -907, 1049
-236, -996, 1036
-228, -1014, 977
-201, -971, 980
-197, -979, 1053
-189, -983, 1047
-,-,-
344, 424, 1035
551, 516, 847
690, 669, 973
753, 730, 1027
753, 730, 1027
772, 717, 1002
805, 757, 951
800, 716, 812
777, 533, 721
752, 295, 742
752, 295, 742
743, 120, 790
698, 38, 763
648, -132, 833
563, -335, 930
394, -519, 950
394, -519, 950
184, -791, 925
-28, -1106, 951
-165, -1365, 979
-279, -1500, 1003
-348, -1518, 1081
-399, -1437, 1003
-417, -1205, 953
-,-,-
500, 558, 996
574, 544, 885
574, 544, 885
642, 605, 872
684, 697, 1020
703, 770, 804
731, 772, 721
785, 711, 692
785, 711, 692
794, 546, 648
795, 296, 740
820, 100, 776
841, -78, 753
841, -78, 753
860, -340, 771
822, -617, 926
668, -772, 1023
446, -872, 996
214, -1005, 983
33, -1155, 941
-88, -1260, 970
-190, -1245, 981
-190, -1245, 981
-287, -1162, 928
-340, -1124, 902
-342, -1089, 882
-,-,-
452, 486, 923
609, 444, 1105
735, 678, 978
800, 882, 761
893, 905, 794
893, 905, 794
911, 754, 870
907, 636, 886
933, 531, 862
965, 373, 821
986, 141, 785
986, 141, 785
959, -85, 794
877, -266, 791
792, -418, 783
705, -634, 807
590, -893, 894
376, -1108, 900
376, -1108, 900
98, -1321, 836
-119, -1526, 787
-290, -1614, 800
-390, -1656, 896
-445, -1548, 809
-,-,-
586, 650, 953
639, 480, 1263
689, 629, 1012
737, 754, 776
737, 754, 776
778, 609, 905
814, 418, 935
808, 285, 837
782, 192, 776
782, 192, 776
774, 125, 666
779, -12, 625
770, -238, 764
728, -430, 952
648, -498, 944
514, -571, 851
514, -571, 851
336, -760, 848
221, -1099, 1011
115, -1328, 1098
-32, -1366, 1005
-164, -1333, 981
-235, -1308, 1002
-,-,-
627, 797, 613
703, 722, 711
738, 595, 983
728, 679, 968
728, 679, 968
730, 856, 786
728, 844, 698
754, 746, 680
774, 637, 644
787, 511, 651
787, 511, 651
810, 372, 669
852, 197, 652
890, -91, 670
879, -360, 796
879, -360, 796
832, -486, 772
727, -566, 786
531, -748, 952
350, -942, 1101
237, -1103, 1086
119, -1210, 1073
8, -1266, 1065
-58, -1296, 1132
-98, -1289, 1152
-141, -1206, 1129
-,-,-
622, 543, 994
700, 746, 821
710, 860, 779
710, 860, 779
723, 857, 939
751, 748, 863
763, 526, 844
797, 264, 787
797, 264, 787
860, -9, 710
854, -268, 705
822, -561, 873
732, -705, 976
637, -777, 1019
564, -933, 1038
564, -933, 1038
438, -1152, 985
234, -1072, 1001
31, -987, 990
-86, -1026, 1049
-159, -1104, 1023
-220, -1114, 1011
-251, -1020, 1028
-,-,-
556, 290, 1048
556, 446, 1048
709, 651, 820
845, 764, 683
875, 769, 777
870, 745, 862
870, 745, 862
851, 799, 805
849, 816, 713
867, 703, 545
878, 467, 445
915, 99, 519
915, 99, 519
951, -330, 663
1011, -629, 706
1033, -963, 726
968, -1319, 856
743, -1535, 987
483, -1530, 989
247, -1481, 882
247, -1481, 882
51, -1504, 854
-,-,-
582, 629, 669
676, 688, 618
784, 592, 847
854, 461, 849
847, 386, 755
847, 386, 755
817, 399, 738
791, 348, 667
757, 214, 723
741, 79, 810
741, 79, 890
705, -20, 890
681, -176, 915
683, -378, 863
621, -637, 891
515, -939, 1049
420, -1173, 1082
316, -1334, 1023
151, -1451, 1002
0, -1507, 1018
0, -1507, 1018
-117, -1455, 916
-212, -1347, 830
-,-,-
660, 661, 750
753, 568, 873
822, 638, 877
861, 749, 867
861, 749, 867
845, 787, 785
818, 787, 674
808, 714, 699
828, 620, 722
849, 463, 668
849, 463, 668
881, 194, 640
885, -142, 730
863, -391, 784
805, -561, 726
732, -786, 720
732, -786, 720
548, -1004, 889
354, -1084, 1027
204, -1134, 1004
109, -1199, 1009
7, -1159, 994
-78, -1127, 1006
-131, -1094, 1037
-180, -1043, 1024
-186, -1025, 991
-170, -1027, 1009
-,-,-
643, 542, 1060
829, 585, 987
853, 655, 859
857, 605, 838
857, 605, 838
846, 483, 912
834, 401, 839
834, 312, 770
811, 180, 731
811, 180, 731
788, 13, 768
771, -198, 867
739, -328, 859
699, -434, 787
591, -608, 770
450, -865, 858
450, -865, 858
295, -1091, 867
166, -1289, 833
20, -1385, 881
-107, -1413, 925
-193, -1386, 852
-221, -1267, 845
-218, -1097, 855
-205, -951, 904
-173, -868, 998
-142, -764, 1050
-,-,-
723, 435, 954
763, 385, 903
763, 385, 903
800, 128, 977
804, -93, 1060
788, -152, 868
738, -227, 776
697, -348, 730
697, -348, 730
657, -538, 765
607, -632, 862
517, -592, 799
411, -617, 789
287, -779, 838
203, -940, 937
124, -989, 940
124, -989, 940
47, -1020, 938
-28, -1016, 889
-106, -1008, 895
-144, -972, 923
-161, -915, 936
-170, -825, 1026
-187, -717, 1015
-212, -723, 1047
-158, -855, 1085
-81, -985, 1097
-,-,-
417, 446, 974
417, 446, 974
434, 585, 878
529, 644, 729
607, 597, 801
671, 593, 950
676, 634, 919
676, 634, 919
678, 590, 849
696, 435, 799
692, 270, 752
672, 123, 800
672, 123, 800
646, -58, 906
636, -263, 933
638, -486, 897
589, -726, 854
485, -924, 873
343, -1043, 998
343, -1043, 998
149, -1125, 1035
1, -1214, 1092
-66, -1249, 1014
-124, -1235, 966
-186, -1156, 924
-251, -1034, 900
-,-,-
583, 704, 694
583, 704, 694
628, 727, 706
663, 698, 716
682, 708, 785
707, 795, 743
707, 795, 743
742, 788, 741
757, 713, 798
763, 576, 771
766, 447, 797
749, 406, 717
749, 406, 717
715, 284, 659
695, 24, 789
709, -187, 967
710, -278, 951
710, -278, 951
666, -427, 900
531, -675, 972
347, -954, 1073
232, -1086, 1066
104, -1051, 1014
-19, -988, 944
-82, -1031, 935
-93, -1067, 965
-126, -980, 954
-163, -831, 921
-180, -766, 985
-180, -766, 985
-164, -732, 1038
-,-,-
686, 841, 1181
830, 1076, 799
874, 1191, 708
866, 1107, 786
866, 1107, 786
840, 1000, 735
841, 830, 631
895, 630, 535
968, 335, 418
1007, -105, 527
974, -533, 794
974, -533, 794
883, -925, 937
763, -1291, 1106
583, -1486, 1103
346, -1546, 1115
107, -1496, 1131
-26, -1398, 1102
-92, -1360, 1003
-134, -1260, 937
-155, -1120, 902
-172, -954, 916
-159, -836, 919
-,-,-
383, 447, 1021
532, 643, 670
565, 746, 667
595, 637, 914
678, 634, 889
678, 634, 889
764, 637, 808
844, 644, 755
890, 534, 729
909, 318, 703
909, 318, 703
890, 155, 806
806, 100, 766
729, -6, 731
692, -217, 787
631, -439, 860
631, -439, 860
563, -655, 900
484, -984, 955
367, -1301, 932
201, -1423, 879
2, -1403, 878
-83, -1303, 860
-57, -1194, 854
-40, -1117, 915
-40, -1117, 915
-41, -930, 936
-63, -719, 1011
-88, -599, 1105
-65, -532, 1144
-6, -590, 1136
32, -729, 1168
57, -850, 1181
57, -886, 1125
-,-,-
697, 1012, 801
822, 1047, 801
869, 824, 962
837, 690, 1072
773, 759, 692
720, 687, 462
753, 429, 391
753, 429, 391
768, 212, 487
771, 19, 635
887, -337, 950
992, -689, 1082
987, -950, 1034
987, -950, 1034
838, -1156, 1082
573, -1292, 1065
313, -1327, 951
102, -1362, 819
-31, -1487, 832
-117, -1494, 874
-167, -1436, 895
-227, -1292, 897
-,-,-
635, 1042, 879
779, 1243, 728
838, 1277, 639
936, 1239, 663
1043, 1118, 543
1135, 856, 433
1135, 856, 433
1177, 561, 421
1174, 348, 355
1106, 182, 323
1017, -24, 600
903, -219, 881
866, -424, 1094
871, -644, 1225
788, -804, 1260
788, -804, 1260
509, -862, 1114
234, -1058, 1022
90, -1299, 1022
-20, -1348, 994
-126, -1211, 917
-196, -1138, 877
-198, -1158, 937
-158, -1158, 988
-,-,-
875, 855, 866
915, 914, 630
915, 914, 630
938, 851, 665
930, 825, 658
937, 727, 448
915, 552, 501
923, 421, 597
923, 421, 597
943, 291, 586
1008, -33, 627
1108, -469, 810
1116, -789, 875
996, -885, 1011
815, -889, 992
643, -1044, 1101
643, -1044, 1101
498, -1233, 1111
335, -1458, 1142
191, -1637, 1121
80, -1719, 1107
4, -1635, 1054
-61, -1337, 966
-130, -1063, 897
-137, -927, 858
-100, -897, 875
-,-,-
498, 638, 634
649, 747, 549
674, 595, 664
779, 673, 931
779, 673, 931
858, 949, 844
888, 1024, 669
944, 874, 605
1012, 668, 623
1039, 522, 618
1039, 522, 618
1035, 359, 497
1042, 75, 490
1014, -181, 513
984, -467, 569
922, -769, 740
800, -1040, 1110
660, -1227, 1352
519, -1355, 1356
345, -1456, 1193
155, -1521, 1025
-19, -1481, 993
-148, -1355, 913
-209, -1188, 971
-209, -1188, 971
-228, -991, 923
-218, -859, 891
-200, -808, 908
-147, -764, 922
-95, -764, 928
-,-,-
533, 1080, 601
689, 1011, 705
729, 914, 775
779, 876, 783
779, 876, 783
795, 906, 601
815, 888, 494
870, 691, 579
910, 514, 561
922, 319, 602
922, 319, 602
900, 162, 693
890, -47, 734
886, -414, 922
828, -722, 1038
663, -817, 1027
383, -948, 1157
383, -948, 1157
131, -1153, 1205
14, -1359, 1164
-59, -1416, 1073
-151, -1332, 889
-218, -1295, 836
-220, -1186, 897
-210, -994, 900
-192, -783, 888
-165, -682, 974
-110, -676, 1081
-,-,-
639, 664, 770
639, 664, 770
743, 743, 884
803, 793, 958
846, 801, 957
899, 726, 879
899, 726, 879
938, 571, 821
921, 386, 725
866, 253, 648
839, 117, 649
820, -101, 719
820, -101, 719
793, -339, 773
714, -617, 877
624, -831, 984
529, -1043, 1048
358, -1114, 1047
153, -1162, 1024
61, -1217, 1019
21, -1248, 1020
-16, -1189, 986
-62, -1080, 985
-111, -909, 1013
-136, -737, 964
-136, -737, 964
-115, -640, 1000
-90, -578, 1035
-59, -590, 1028
-,-,-
472, 798, 816
613, 751, 862
638, 821, 1090
676, 985, 1008
676, 985, 1008
734, 1060, 848
778, 888, 872
800, 709, 892
815, 588, 776
815, 477, 670
840, 477, 559
840, 262, 559
844, -92, 637
816, -365, 762
728, -511, 771
611, -697, 835
508, -907, 1004
508, -907, 1004
370, -972, 1085
185, -951, 1075
21, -999, 969
-70, -1102, 976
-101, -1190, 959
-133, -1164, 898
-173, -1015, 912
-166, -890, 985
-144, -802, 1046
-120, -747, 1093
-79, -768, 1060
-,-,-
642, 920, 1030
695, 1015, 1009
760, 1041, 670
760, 1041, 670
774, 819, 668
790, 627, 739
847, 501, 613
888, 314, 535
899, 42, 620
899, 42, 620
895, -170, 740
823, -341, 855
761, -532, 1029
702, -629, 1103
561, -678, 975
322, -799, 1052
136, -965, 1084
136, -965, 1084
84, -1120, 1064
60, -1222, 998
1, -1207, 924
-77, -1182, 980
-137, -1099, 1009
-151, -926, 973
-165, -775, 932
-141, -641, 951
-117, -551, 1006
-70, -553, 1083
27, -642, 1005
-,-,-
495, 926, 826
533, 944, 739
569, 881, 805
569, 881, 805
630, 893, 852
660, 911, 685
709, 816, 641
776, 600, 652
776, 600, 652
849, 366, 627
925, 126, 620
1034, -157, 853
1069, -360, 993
1005, -551, 1051
917, -637, 1079
782, -716, 1067
581, -819, 1054
395, -973, 1077
395, -973, 1077
254, -1134, 1050
138, -1173, 949
38, -1318, 908
-30, -1426, 942
-79, -1349, 929
-146, -1151, 939
-188, -934, 938
-190, -795, 1025
-161, -684, 1039
-122, -689, 1054
-70, -790, 1109
-,-,-
552, 977, 736
603, 788, 968
640, 803, 986
661, 852, 759
675, 742, 596
675, 742, 596
703, 464, 677
719, 279, 698
725, 159, 698
698, -10, 713
698, -10, 713
663, -324, 968
625, -532, 1185
581, -633, 1102
523, -742, 1029
422, -808, 1022
269, -833, 1080
128, -846, 1024
35, -934, 918
-27, -1094, 904
-27, -1094, 904
-100, -1203, 934
-151, -1151, 930
-185, -1032, 959
-190, -967, 998
-,-,-
735, 859, 946
822, 817, 803
822, 817, 803
841, 707, 725
817, 612, 727
811, 416, 663
842, 230, 698
834, 230, 688
834, 53, 688
817, -101, 760
768, -222, 877
709, -290, 956
661, -434, 965
606, -619, 928
606, -619, 928
519, -765, 1030
421, -792, 1024
312, -764, 918
167, -859, 831
44, -1040, 918
-5, -1131, 1004
-83, -1114, 1006
-166, -1133, 1005
-172, -1245, 1105
-,-,-
716, 936, 921
777, 774, 1047
777, 774, 1047
859, 599, 847
881, 533, 720
859, 412, 679
871, 179, 655
881, -95, 734
881, -95, 734
871, -225, 766
789, -241, 770
726, -322, 833
662, -469, 989
596, -592, 1084
503, -646, 960
503, -646, 960
395, -692, 879
267, -829, 977
165, -1038, 1067
70, -1137, 1064
-5, -1149, 954
-57, -1111, 822
-76, -1059, 850
-96, -952, 949
-119, -839, 962
-119, -839, 962
-,-,-
514, 770, 860
526, 688, 896
519, 655, 915
519, 655, 915
537, 664, 824
551, 583, 761
557, 462, 821
564, 380, 825
564, 380, 825
571, 315, 803
559, 239, 805
559, 128, 813
589, 5, 902
589, 5, 902
555, -62, 919
520, -98, 892
472, -215, 918
440, -320, 914
387, -356, 924
387, -356, 924
335, -382, 934
244, -462, 1025
200, -571, 1070
164, -704, 1072
82, -814, 1015
-5, -973, 1044
-53, -1121, 1088
-63, -1183, 1050
-88, -1165, 945
-108, -1102, 921
-92, -1041, 920
-92, -1041, 920
-,-,-
605, 794, 982
643, 820, 873
605, 707, 979
609, 631, 1015
609, 631, 1015
622, 580, 951
641, 557, 860
682, 460, 759
714, 298, 794
701, 142, 809
701, 142, 809
698, 44, 817
687, -34, 815
664, -203, 872
644, -426, 907
591, -570, 865
591, -570, 865
532, -661, 842
411, -688, 811
272, -820, 887
192, -984, 948
148, -1125, 946
57, -1158, 874
-28, -1171, 860
-28, -1171, 860
-68, -1149, 867
-76, -1090, 885
-85, -993, 899
-89, -861, 916
-75, -779, 947
-43, -756, 1023
0, -767, 1068
65, -808, 1063
-,-,-
629, 726, 921
629, 726, 921
651, 753, 785
646, 714, 904
634, 669, 960
631, 696, 953
631, 696, 953
636, 720, 857
636, 638, 813
627, 489, 867
608, 390, 844
608, 390, 844
591, 283, 760
590, 146, 690
581, -87, 772
564, -240, 848
481, -345, 817
387, -500, 950
387, -500, 950
355, -636, 1003
320, -727, 932
226, -751, 889
108, -779, 944
39, -834, 981
27, -903, 970
27, -903, 970
-10, -974, 979
-55, -1023, 999
-59, -1040, 981
-33, -1018, 1011
-26, -966, 1055
-,-,-
577, 718, 936
567, 648, 1025
567, 648, 1025
605, 635, 1015
619, 648, 861
653, 571, 763
697, 407, 757
700, 228, 811
700, 228, 811
696, 92, 805
673, -15, 803
668, -121, 836
660, -303, 898
626, -514, 970
626, -514, 970
541, -683, 1014
444, -763, 1000
361, -824, 968
288, -929, 944
178, -1032, 959
57, -1064, 980
-8, -1031, 910
-39, -1017, 856
-45, -1008, 885
-45, -1008, 885
-62, -982, 916
-59, -855, 935
-64, -748, 939
-56, -713, 958
-34, -721, 947
11, -778, 969
20, -821, 1008
-,-,-
485, 798, 873
528, 747, 914
509, 710, 936
509, 710, 936
554, 642, 916
601, 580, 973
649, 544, 892
683, 433, 735
705, 311, 653
705, 311, 653
680, 208, 668
655, 133, 738
609, 51, 785
592, -116, 901
592, -116, 901
571, -252, 886
523, -340, 855
455, -536, 949
349, -735, 1092
254, -839, 1116
170, -1013, 1039
110, -1270, 987
76, -1489, 986
43, -1497, 950
43, -1497, 950
-14, -1407, 952
-,-,-
590, 797, 885
626, 858, 717
615, 786, 744
621, 638, 851
621, 638, 851
648, 656, 797
643, 677, 671
642, 579, 651
664, 458, 663
667, 336, 691
667, 336, 691
657, 194, 784
656, 87, 845
675, -54, 881
721, -282, 931
721, -282, 931
726, -506, 1061
650, -568, 1050
553, -635, 1045
475, -750, 1112
393, -853, 1060
282, -918, 992
137, -967, 942
55, -982, 987
55, -982, 987
28, -1008, 982
25, -1036, 969
19, -1066, 958
4, -1018, 995
-27, -926, 966
-3, -897, 985
-,-,-
497, 1005, 1151
516, 1035, 1010
561, 995, 828
561, 995, 828
611, 813, 795
682, 605, 868
745, 520, 788
802, 410, 695
877, 170, 769
877, 170, 769
926, -55, 906
897, -167, 912
832, -240, 893
761, -307, 924
710, -371, 909
710, -371, 909
626, -418, 871
516, -507, 925
423, -587, 962
344, -679, 931
256, -796, 957
137, -924, 994
52, -1025, 948
52, -1025, 948
32, -1131, 882
24, -1146, 878
-18, -1067, 875
-44, -948, 916
-27, -902, 983
-,-,-
631, 543, 997
592, 568, 1059
592, 568, 1059
579, 655, 803
564, 675, 700
569, 602, 798
561, 565, 812
554, 547, 793
554, 547, 793
578, 485, 809
590, 370, 836
625, 268, 826
663, 148, 784
671, 8, 920
671, 8, 920
662, -80, 992
647, -226, 957
624, -401, 935
624, -401, 935
587, -525, 897
503, -576, 853
382, -661, 918
276, -760, 946
213, -838, 918
161, -915, 867
89, -973, 865
89, -973, 865
50, -1007, 855
25, -1022, 961
5, -918, 924
-12, -788, 884
-18, -720, 914
-18, -720, 914
-23, -665, 975
0, -643, 1014
53, -654, 1059
74, -671, 1082
-,-,-
618, 639, 825
641, 588, 899
641, 588, 899
702, 523, 895
723, 471, 850
743, 385, 846
722, 254, 867
706, 103, 871
706, 103, 871
680, 4, 812
662, -115, 748
643, -296, 856
618, -434, 960
618, -434, 960
585, -512, 955
519, -588, 921
412, -710, 897
290, -866, 881
213, -994, 863
129, -1103, 882
72, -1155, 912
44, -1175, 933
44, -1175, 933
29, -1139, 955
-2, -1019, 948
-29, -870, 919
-57, -756, 961
-63, -727, 1010
-,-,-
539, 692, 918
565, 719, 896
565, 719, 896
579, 701, 902
569, 718, 998
580, 726, 948
612, 699, 869
612, 699, 869
628, 610, 798
628, 489, 738
648, 377, 703
666, 249, 755
666, 249, 755
688, 135, 754
715, -16, 843
705, -224, 907
682, -413, 996
648, -531, 935
597, -675, 851
597, -675, 851
511, -864, 947
391, -989, 1004
279, -1022, 983
205, -1049, 934
164, -1122, 941
129, -1148, 987
91, -1070, 988
54, -955, 982
54, -955, 982
34, -892, 1006
60, -842, 1006
133, -791, 937
184, -791, 993
206, -852, 1077
229, -830, 1039
-,-,-
525, 589, 967
596, 550, 1135
612, 760, 970
620, 847, 838
639, 704, 872
639, 704, 872
658, 529, 950
666, 461, 920
665, 466, 750
675, 374, 710
675, 374, 710
696, 216, 786
708, 79, 821
699, -12, 840
691, -128, 814
691, -128, 838
689, -330, 838
625, -597, 948
548, -824, 1006
464, -1014, 989
350, -1135, 954
236, -1273, 930
161, -1360, 954
100, -1363, 937
34, -1286, 923
-40, -1145, 863
-40, -1145, 863
-70, -1008, 879
-69, -876, 895
-40, -787, 917
11, -767, 981
-,-,-
627, 1060, 764
686, 785, 797
737, 634, 799
815, 590, 578
854, 516, 304
854, 516, 304
871, 244, 470
861, -2, 716
837, -63, 748
829, -143, 759
829, -143, 759
820, -234, 831
801, -330, 929
711, -385, 1029
565, -493, 1146
473, -702, 1125
413, -865, 949
321, -1039, 722
184, -1240, 753
99, -1323, 795
99, -1323, 795
50, -1348, 789
-14, -1372, 800
-52, -1418, 768
-51, -1436, 799
-,-,-
566, 827, 778
559, 705, 758
559, 705, 758
577, 519, 813
622, 408, 918
645, 391, 828
672, 340, 763
672, 340, 763
671, 208, 819
668, 59, 903
662, -34, 872
613, -66, 852
613, -66, 852
554, -148, 863
505, -332, 994
499, -473, 1029
427, -601, 971
312, -751, 989
243, -939, 991
210, -1105, 997
210, -1105, 997
119, -1193, 978
13, -1187, 918
-37, -1205, 806
-58, -1248, 796
-101, -1157, 813
-149, -988, 774
-153, -887, 772
-91, -844, 824
-33, -772, 867
12, -725, 872
-,-,-
608, 749, 1051
639, 748, 864
663, 663, 752
663, 663, 752
666, 569, 792
658, 484, 780
684, 402, 884
724, 351, 813
723, 263, 780
723, 263, 780
697, 75, 826
678, -104, 879
644, -174, 806
551, -239, 676
424, -429, 757
424, -429, 757
349, -664, 784
298, -822, 799
205, -854, 743
113, -951, 832
111, -1123, 897
164, -1242, 959
168, -1250, 1042
152, -1192, 1086
143, -1149, 1068
157, -1135, 1077
190, -1108, 1092
245, -1091, 1103
-,-,-
577, 613, 936
647, 575, 794
672, 464, 796
679, 345, 869
698, 259, 790
726, 69, 756
726, 69, 756
767, -173, 905
777, -328, 880
683, -443, 781
552, -624, 823
456, -836, 846
456, -836, 846
377, -936, 772
261, -962, 776
144, -1020, 870
93, -1101, 897
55, -1146, 872
21, -1170, 848
-24, -1164, 862
-24, -1164, 862
-51, -1115, 858
-41, -1046, 876
9, -1005, 860
-,-,-
657, 695, 827
713, 691, 985
734, 690, 986
761, 663, 919
800, 589, 808
800, 589, 808
783, 435, 792
762, 291, 773
704, 150, 789
654, 0, 840
654, 0, 840
653, -152, 770
659, -343, 747
572, -573, 849
480, -817, 957
421, -1005, 1041
337, -1061, 935
200, -1038, 813
200, -1038, 813
76, -1077, 835
15, -1100, 901
-31, -1057, 840
-96, -983, 822
-135, -933, 798
-142, -972, 801
-102, -1015, 804
-94, -986, 716
-,-,-
587, 802, 885
631, 834, 912
631, 859, 875
631, 859, 875
631, 832, 831
649, 744, 895
684, 627, 903
744, 566, 800
776, 454, 701
776, 454, 701
771, 291, 815
784, 104, 845
811, -28, 851
782, -139, 834
782, -139, 834
720, -262, 891
620, -440, 980
545, -619, 1034
462, -812, 992
353, -1010, 947
246, -1218, 979
166, -1329, 933
65, -1339, 852
-27, -1273, 796
-27, -1273, 796
-95, -1199, 749
-114, -1157, 702
-97, -1096, 713
-80, -967, 746
-54, -856, 757
9, -842, 807
-,-,-
572, 500, 1004
632, 570, 1182
679, 644, 1025
704, 580, 991
704, 580, 991
722, 428, 1007
718, 247, 981
661, 115, 925
593, 11, 916
593, 11, 916
543, -58, 881
517, -97, 781
461, -211, 693
412, -415, 814
367, -633, 965
367, -633, 965
327, -756, 996
282, -754, 825
191, -803, 708
82, -922, 876
7, -1030, 935
-38, -1031, 879
-80, -1015, 816
-80, -1015, 816
-104, -1058, 816
-100, -1119, 864
-60, -1119, 907
-26, -1042, 890
-,-,-
545, 587, 961
624, 587, 920
634, 539, 986
668, 513, 971
668, 513, 971
697, 522, 838
723, 411, 791
703, 289, 903
654, 169, 889
622, 133, 823
622, 133, 823
600, 83, 719
560, -70, 743
496, -267, 912
485, -431, 960
485, -431, 960
489, -541, 858
415, -626, 787
315, -737, 839
257, -868, 928
206, -923, 962
139, -915, 941
76, -983, 909
76, -983, 909
47, -1134, 915
32, -1264, 903
19, -1271, 911
25, -1211, 901
71, -1199, 956
-,-,-
570, 622, 1016
629, 681, 924
696, 613, 884
696, 613, 884
730, 535, 940
736, 465, 1001
726, 437, 1035
724, 417, 972
726, 361, 817
726, 361, 817
700, 269, 741
645, 178, 728
589, 82, 701
559, -73, 753
559, -73, 753
553, -223, 759
538, -343, 769
492, -439, 812
426, -555, 906
390, -701, 935
342, -818, 1005
342, -818, 1005
261, -819, 975
207, -901, 995
180, -1053, 1102
164, -1159, 1138
99, -1201, 1046
47, -1236, 997
67, -1307, 962
-,-,-
653, 783, 918
653, 783, 918
661, 697, 823
630, 538, 1019
610, 461, 1117
630, 469, 1007
671, 404, 900
671, 404, 900
711, 242, 844
709, 53, 929
680, -48, 916
650, -114, 870
618, -235, 837
618, -235, 837
570, -361, 847
502, -497, 824
416, -578, 808
322, -667, 829
246, -775, 892
165, -888, 875
165, -888, 875
66, -972, 849
1, -1031, 845
-44, -1088, 891
-82, -1039, 843
-147, -955, 780
-173, -896, 703
-158, -920, 763
-114, -917, 862
-71, -883, 884
-71, -883, 884
-63, -940, 972
0, -1166, 1050
95, -1387, 1043
-,-,-
616, 712, 997
634, 673, 930
650, 666, 789
646, 617, 694
645, 496, 746
663, 413, 844
663, 413, 844
681, 387, 863
725, 355, 870
769, 263, 853
759, 150, 860
759, 150, 860
725, 56, 916
699, -1, 918
674, -111, 888
672, -289, 948
671, -501, 1037
671, -501, 1037
654, -658, 1010
597, -755, 862
467, -858, 795
303, -972, 828
188, -1067, 778
108, -1155, 802
26, -1216, 814
-46, -1264, 828
-83, -1312, 818
-83, -1312, 818
-101, -1288, 771
-81, -1211, 751
-25, -1146, 752
48, -1115, 780
-,-,-
691, 965, 805
691, 965, 805
671, 966, 929
696, 917, 1056
690, 939, 988
681, 870, 861
703, 709, 823
703, 709, 823
725, 567, 750
738, 473, 688
720, 384, 711
705, 295, 699
705, 295, 699
719, 158, 738
734, 0, 806
735, -131, 871
688, -193, 860
688, -193, 860
606, -309, 917
586, -502, 1009
557, -665, 1016
475, -748, 963
353, -873, 925
277, -1047, 923
233, -1232, 925
154, -1317, 908
86, -1351, 867
86, -1351, 867
57, -1353, 865
70, -1299, 896
-,-,-
583, 882, 902
542, 870, 777
512, 850, 782
512, 850, 782
488, 759, 785
505, 664, 723
537, 600, 660
536, 534, 733
536, 534, 733
518, 425, 710
564, 251, 766
615, 132, 829
641, 75, 802
641, 75, 802
625, -63, 935
549, -200, 1082
476, -295, 1104
422, -461, 1047
390, -649, 983
299, -834, 1020
237, -1009, 1114
181, -1082, 1104
95, -1045, 1037
95, -1045, 1037
20, -997, 904
0, -1086, 880
39, -1175, 856
110, -1194, 913
-,-,-
682, 806, 994
708, 707, 915
692, 625, 894
648, 536, 947
644, 493, 891
644, 493, 891
667, 407, 904
666, 297, 924
645, 194, 911
606, 59, 896
598, -88, 874
598, -88, 874
587, -166, 823
512, -247, 850
421, -417, 976
389, -542, 1003
373, -629, 832
282, -700, 769
282, -700, 769
160, -875, 827
110, -1050, 858
67, -1083, 860
-23, -988, 835
-62, -968, 876
-20, -1032, 979
38, -1009, 1036
128, -1022, 1089
218, -1106, 1214
237, -1124, 1292
-,-,-
667, 653, 1167
722, 741, 955
676, 784, 840
666, 618, 893
666, 618, 893
640, 459, 1021
615, 522, 904
588, 532, 796
580, 411, 826
580, 411, 826
587, 265, 898
572, 244, 894
559, 221, 799
579, 58, 856
579, 58, 856
598, -126, 907
603, -253, 864
541, -358, 838
476, -459, 856
451, -601, 790
401, -719, 894
401, -719, 894
307, -747, 923
245, -816, 939
228, -980, 978
190, -1123, 987
122, -1180, 976
84, -1227, 993
72, -1237, 1002
73, -1234, 1028
76, -1198, 1042
76, -1198, 1042
-,-,-
705, 867, 987
672, 881, 891
632, 809, 932
628, 739, 943
628, 739, 943
655, 691, 812
682, 587, 712
689, 395, 754
682, 223, 821
677, 115, 857
677, 115, 857
676, -11, 814
681, -185, 871
643, -326, 887
558, -429, 898
473, -572, 997
473, -572, 997
413, -697, 963
364, -800, 839
283, -922, 844
157, -1008, 978
50, -1046, 998
16, -1076, 1001
31, -1118, 897
29, -1165, 856
29, -1165, 856
3, -1154, 900
3, -1054, 883
-,-,-
669, 798, 1034
665, 797, 1030
632, 807, 942
609, 784, 830
609, 784, 830
594, 679, 739
579, 555, 756
572, 404, 841
586, 308, 861
608, 220, 879
608, 220, 879
623, 102, 941
619, 3, 979
593, -94, 943
593, -94, 943
561, -200, 958
513, -296, 1003
470, -385, 963
434, -503, 916
383, -639, 880
291, -805, 925
191, -912, 951
191, -912, 951
104, -961, 918
47, -1056, 916
14, -1160, 909
20, -1258, 899
27, -1256, 961
-,-,-
686, 833, 655
686, 833, 655
666, 661, 782
642, 557, 927
616, 613, 867
610, 613, 870
610, 613, 870
629, 504, 873
657, 365, 884
664, 197, 925
665, 62, 978
665, 62, 978
658, -31, 996
632, -170, 965
593, -355, 981
534, -517, 970
434, -610, 883
434, -610, 883
315, -765, 862
218, -992, 982
153, -1176, 1002
44, -1253, 907
-66, -1344, 790
-93, -1414, 748
-73, -1349, 856
-65, -1131, 900
-44, -899, 980
-,-,-
679, 859, 1065
698, 735, 813
704, 656, 813
699, 563, 846
716, 513, 676
716, 513, 676
704, 315, 764
674, 128, 940
627, 18, 965
618, -71, 941
615, -216, 922
615, -216, 922
571, -363, 925
436, -535, 1037
305, -641, 1071
223, -768, 974
119, -884, 888
18, -1048, 866
-30, -1236, 913
-58, -1286, 891
-58, -1286, 891
-108, -1192, 791
-140, -1101, 747
-116, -1054, 812
-72, -936, 900
-,-,-
550, 665, 794
550, 549, 900
549, 496, 964
565, 454, 870
531, 234, 880
531, 234, 880
552, 89, 1044
537, 69, 1002
487, 22, 1026
463, -106, 1115
468, -203, 1063
439, -295, 950
439, -295, 950
396, -434, 918
306, -610, 972
228, -766, 1074
161, -869, 992
75, -965, 833
-26, -1092, 800
-106, -1260, 840
-150, -1343, 919
-150, -1343, 919
-186, -1290, 902
-215, -1137, 837
-191, -1017, 776
-,-,-
658, 769, 994
663, 814, 872
663, 814, 872
704, 769, 558
716, 636, 448
670, 318, 636
702, 165, 892
702, 165, 892
713, 120, 867
763, -3, 895
805, -194, 975
811, -370, 974
755, -540, 920
755, -540, 920
648, -686, 946
504, -810, 940
390, -917, 949
267, -997, 864
117, -1076, 811
18, -1175, 828
-46, -1277, 866
-114, -1324, 857
-184, -1331, 827
-,-,-
642, 431, 836
693, 421, 799
615, 204, 982
615, 204, 982
665, 85, 972
689, 93, 835
691, 104, 861
680, 104, 941
680, 104, 941
685, 19, 866
671, -148, 835
624, -308, 839
536, -429, 862
460, -546, 888
413, -712, 896
413, -712, 896
352, -905, 865
260, -1056, 888
165, -1210, 905
97, -1299, 847
23, -1362, 765
-55, -1407, 738
-73, -1405, 681
-48, -1339, 667
-,-,-
662, 602, 916
662, 602, 916
698, 540, 895
746, 524, 820
785, 422, 829
821, 319, 882
894, 160, 902
894, 160, 902
938, 57, 801
927, -60, 739
881, -257, 846
821, -397, 863
727, -472, 791
727, -472, 791
619, -570, 784
554, -720, 815
517, -886, 840
414, -983, 857
269, -990, 842
175, -1051, 791
127, -1164, 726
127, -1164, 726
48, -1215, 633
-59, -1214, 610
-94, -1218, 582
-20, -1260, 562
-,-,-
810, 780, 900
876, 685, 767
877, 592, 867
864, 506, 917
871, 444, 882
871, 444, 882
914, 291, 852
969, 102, 839
980, -110, 845
935, -288, 849
870, -437, 816
870, -437, 816
802, -588, 840
667, -708, 847
510, -873, 842
401, -1065, 870
298, -1148, 800
161, -1157, 647
25, -1191, 705
-40, -1222, 662
-40, -1222, 662
-72, -1247, 562
-110, -1293, 610
-,-,-
572, 761, 887
681, 783, 715
745, 727, 667
745, 727, 667
815, 662, 817
809, 646, 878
828, 617, 940
878, 575, 837
944, 461, 705
944, 461, 705
946, 348, 710
915, 230, 762
877, 111, 836
838, -13, 792
838, -13, 792
804, -255, 787
777, -502, 775
704, -655, 748
550, -786, 802
405, -890, 879
295, -1025, 809
237, -1193, 761
237, -1193, 761
153, -1335, 809
71, -1390, 787
0, -1448, 788
-,-,-
812, 1058, 814
793, 948, 1022
754, 832, 1023
790, 807, 822
790, 807, 822
863, 777, 634
927, 569, 626
981, 334, 708
1014, 126, 802
1043, -8, 790
1043, -8, 790
1059, -85, 614
1023, -274, 623
988, -472, 904
919, -600, 882
790, -655, 741
667, -794, 762
667, -794, 762
576, -1000, 751
442, -1186, 670
303, -1358, 641
180, -1483, 654
81, -1551, 623
1, -1570, 657
-,-,-
699, 665, 957
646, 747, 1016
642, 863, 774
642, 863, 774
652, 824, 707
693, 675, 730
710, 569, 870
707, 642, 890
707, 642, 890
746, 717, 805
796, 611, 762
821, 413, 829
814, 288, 822
784, 232, 773
784, 232, 773
774, 143, 755
756, -29, 772
728, -223, 911
680, -311, 901
612, -387, 809
612, -387, 809
524, -613, 851
423, -876, 1058
327, -1066, 1076
210, -1095, 915
75, -1137, 863
-1, -1266, 868
-39, -1395, 787
-49, -1464, 741
-26, -1448, 800
-,-,-
680, 745, 959
681, 784, 779
672, 895, 808
671, 892, 724
718, 794, 649
718, 794, 649
794, 653, 707
879, 622, 731
943, 616, 657
973, 431, 627
973, 431, 627
980, 202, 756
931, 59, 837
836, -2, 838
785, -159, 869
804, -414, 935
804, -414, 935
748, -641, 963
581, -771, 994
425, -907, 1013
343, -1093, 863
229, -1242, 662
86, -1304, 677
0, -1324, 742
0, -1324, 742
-59, -1332, 726
-92, -1356, 741
-92, -1313, 761
-46, -1250, 784
-,-,-
782, 514, 993
782, 514, 993
769, 559, 944
777, 556, 801
803, 448, 805
820, 311, 785
820, 311, 785
805, 241, 737
790, 174, 767
793, 52, 860
791, -58, 917
791, -58, 917
768, -136, 879
728, -256, 929
665, -349, 973
601, -473, 1017
565, -591, 944
503, -737, 810
337, -858, 821
337, -858, 821
130, -922, 846
-17, -971, 775
-73, -1026, 612
-110, -1158, 508
-163, -1303, 550
-199, -1347, 564
-192, -1323, 668
-115, -1299, 755
-,-,-
984, 816, 907
1008, 794, 708
992, 675, 724
975, 651, 785
934, 564, 583
917, 369, 779
917, 369, 779
945, 284, 737
980, 155, 788
995, 49, 780
956, -74, 829
956, -74, 829
896, -211, 916
852, -383, 866
827, -568, 755
723, -760, 790
528, -878, 859
388, -1037, 891
388, -1037, 891
293, -1193, 844
178, -1268, 717
38, -1287, 711
-68, -1264, 667
-118, -1286, 689
-138, -1286, 729
-142, -1187, 692
-118, -1135, 722
-15, -1112, 766
120, -1118, 803
224, -1153, 883
-,-,-
716, 817, 708
784, 696, 642
762, 556, 650
762, 556, 650
750, 461, 765
787, 462, 831
816, 470, 700
828, 339, 805
828, 339, 805
828, 213, 879
800, 157, 849
768, 77, 848
736, -47, 777
691, -191, 728
691, -191, 728
638, -333, 789
603, -431, 829
538, -517, 821
432, -682, 879
336, -865, 941
258, -992, 901
258, -992, 901
173, -1110, 862
102, -1247, 931
57, -1358, 927
37, -1391, 927
-,-,-
596, 930, 865
657, 1002, 724
630, 953, 756
681, 819, 857
681, 819, 857
724, 740, 786
749, 692, 716
783, 590, 698
801, 426, 773
808, 304, 791
808, 304, 791
793, 229, 816
751, 110, 854
720, -16, 942
695, -131, 921
695, -131, 921
647, -286, 935
585, -482, 965
510, -663, 977
403, -888, 979
302, -1059, 961
246, -1211, 906
181, -1329, 956
121, -1356, 1001
43, -1280, 964
-,-,-
752, 804, 675
751, 614, 771
701, 599, 806
687, 653, 823
736, 617, 951
736, 617, 951
794, 500, 920
811, 389, 831
768, 288, 833
741, 177, 828
741, 177, 828
770, 65, 862
774, -106, 786
719, -313, 974
648, -387, 1026
589, -423, 884
512, -569, 929
512, -569, 929
424, -753, 950
352, -931, 994
254, -1049, 969
174, -1062, 829
88, -1149, 884
38, -1284, 928
11, -1321, 941
-32, -1256, 923
-,-,-
729, 797, 997
743, 866, 726
702, 735, 856
702, 735, 856
692, 654, 989
721, 672, 900
741, 668, 821
778, 618, 818
778, 618, 818
792, 541, 820
787, 503, 814
776, 396, 827
779, 277, 871
766, 152, 803
766, 152, 803
721, 26, 853
691, -50, 837
697, -224, 842
661, -439, 955
661, -439, 955
604, -579, 912
510, -719, 892
414, -951, 891
335, -1190, 823
203, -1389, 799
72, -1502, 768
-25, -1507, 832
-,-,-
764, 935, 988
741, 1116, 588
741, 1116, 588
754, 1033, 731
766, 923, 1020
745, 953, 1014
742, 1021, 870
777, 897, 685
792, 717, 692
792, 717, 692
768, 574, 710
758, 476, 620
789, 290, 679
824, 97, 804
824, 97, 804
825, -31, 779
800, -108, 789
762, -286, 912
728, -512, 1047
660, -639, 1001
562, -745, 1022
562, -745, 1022
452, -911, 1034
357, -1098, 982
297, -1302, 930
-,-,-
890, 955, 869
890, 955, 869
889, 1009, 861
856, 993, 987
867, 973, 1021
912, 848, 920
956, 640, 788
956, 640, 788
912, 525, 581
805, 411, 602
732, 320, 721
683, 278, 734
669, 181, 688
669, 181, 688
677, 19, 726
643, -124, 892
580, -216, 941
534, -347, 903
481, -586, 917
481, -586, 917
421, -789, 862
329, -919, 846
258, -910, 925
197, -878, 909
159, -901, 918
158, -1087, 990
208, -1311, 978
-,-,-
608, 793, 789
635, 682, 556
625, 568, 665
582, 502, 755
618, 542, 653
618, 542, 653
687, 557, 672
758, 579, 768
769, 660, 722
762, 659, 691
762, 659, 691
765, 547, 806
762, 526, 836
768, 496, 730
779, 398, 738
776, 222, 771
776, 222, 771
782, 74, 784
780, -68, 718
746, -264, 814
663, -440, 900
594, -575, 906
594, -575, 906
521, -734, 847
398, -953, 876
283, -1229, 948
212, -1441, 988
166, -1523, 895
136, -1577, 945
105, -1557, 1044
101, -1481, 1032
-,-,-
785, 956, 1099
777, 1053, 953
784, 1015, 802
784, 1015, 802
790, 839, 720
771, 659, 744
737, 642, 827
710, 658, 733
724, 539, 711
724, 539, 711
749, 427, 676
743, 363, 641
744, 258, 698
774, 119, 761
774, 119, 761
786, -74, 871
779, -150, 842
738, -153, 710
675, -274, 705
627, -615, 925
553, -819, 960
553, -819, 960
412, -924, 881
307, -1014, 829
313, -1252, 771
383, -1608, 895
349, -1740, 1004
-,-,-
718, 1007, 1091
768, 1136, 986
780, 1166, 833
748, 1099, 892
748, 1099, 892
734, 979, 1037
756, 880, 871
809, 757, 751
870, 624, 625
919, 441, 610
919, 441, 610
927, 298, 684
909, 200, 706
904, 142, 700
877, 49, 657
877, 49, 657
832, -76, 659
739, -215, 835
652, -284, 903
608, -443, 869
582, -747, 936
490, -1014, 1003
372, -1124, 1063
372, -1124, 1063
276, -1080, 1000
190, -1158, 868
151, -1394, 871
120, -1522, 954
86, -1405, 929
-,-,-
608, 999, 1072
648, 953, 851
648, 953, 851
699, 886, 780
705, 793, 735
689, 672, 775
695, 656, 840
722, 617, 765
722, 617, 765
761, 490, 801
781, 367, 856
780, 276, 836
756, 120, 909
756, 120, 909
774, -39, 1019
766, -170, 1045
737, -309, 1011
685, -495, 1013
641, -724, 1002
592, -962, 1033
501, -1178, 909
362, -1354, 822
209, -1532, 695
48, -1616, 620
48, -1616, 620
-,-,-
769, 724, 1003
774, 619, 1150
820, 560, 1293
832, 647, 1121
796, 718, 785
758, 722, 864
717, 699, 891
717, 699, 891
706, 723, 846
738, 762, 798
781, 741, 772
828, 664, 775
828, 664, 775
874, 519, 748
908, 366, 665
913, 205, 652
910, 81, 679
910, 81, 679
879, -95, 788
833, -249, 864
759, -416, 882
656, -639, 853
555, -928, 908
448, -1154, 1002
339, -1165, 911
339, -1165, 911
237, -1095, 824
154, -1105, 886
115, -1164, 968
111, -1185, 982
110, -1231, 991
70, -1280, 1066
-,-,-
770, 829, 1036
840, 923, 820
806, 994, 711
837, 966, 939
837, 966, 939
876, 925, 984
906, 927, 748
912, 820, 755
921, 672, 797
921, 672, 797
952, 541, 816
956, 444, 798
939, 356, 771
923, 269, 794
904, 191, 786
904, 191, 786
824, 93, 834
722, -82, 818
635, -335, 765
524, -578, 684
373, -838, 707
373, -838, 707
213, -1123, 831
104, -1277, 983
50, -1253, 895
20, -1208, 833
17, -1206, 913
29, -1186, 1009
47, -1132, 1023
-,-,-
522, 837, 631
575, 691, 571
550, 657, 701
550, 657, 701
533, 716, 652
570, 795, 589
659, 730, 715
728, 634, 806
762, 588, 741
762, 588, 741
830, 526, 827
895, 376, 968
923, 288, 1033
902, 213, 916
854, 43, 834
854, 43, 834
794, -248, 837
687, -461, 967
497, -598, 952
311, -779, 984
207, -1027, 973
207, -1027, 973
120, -1221, 883
26, -1283, 765
-,-,-
628, 814, 952
667, 656, 920
709, 633, 852
722, 673, 734
722, 673, 734
709, 732, 574
730, 715, 635
777, 622, 909
804, 622, 1049
850, 684, 853
850, 684, 853
915, 647, 746
970, 493, 886
989, 358, 852
978, 314, 796
977, 282, 695
977, 282, 695
942, 119, 667
906, -172, 848
856, -326, 887
748, -448, 742
578, -626, 755
578, -626, 755
411, -939, 842
290, -1288, 1000
190, -1509, 1084
64, -1552, 935
-81, -1521, 847
-177, -1458, 851
-218, -1317, 800
-,-,-
540, 687, 744
538, 521, 924
560, 595, 893
588, 762, 533
597, 789, 538
597, 789, 538
676, 666, 781
762, 565, 987
803, 505, 1059
841, 430, 1063
898, 351, 992
898, 351, 992
904, 280, 848
857, 143, 866
781, 6, 893
657, -156, 947
553, -301, 894
553, -301, 894
482, -446, 817
386, -629, 853
252, -723, 923
144, -852, 895
64, -1004, 929
-5, -1097, 894
-5, -1097, 894
-76, -1141, 832
-117, -1202, 862
-108, -1244, 925
-,-,-
704, 833, 1078
721, 843, 949
679, 826, 927
679, 826, 927
643, 846, 905
638, 891, 831
652, 824, 744
685, 734, 774
691, 651, 764
691, 651, 764
716, 584, 742
768, 510, 781
802, 407, 798
767, 262, 805
767, 262, 805
693, 134, 810
638, 10, 810
610, -137, 709
493, -351, 786
364, -590, 907
364, -590, 907
249, -774, 941
138, -877, 879
38, -997, 832
0, -1171, 865
-16, -1292, 928
-42, -1237, 870
-54, -1175, 820
-54, -1175, 820
-26, -1222, 866
41, -1246, 920
97, -1189, 994
120, -1123, 1060
153, -1040, 1062
-,-,-
737, 647, 900
739, 683, 843
758, 685, 744
788, 605, 739
825, 470, 784
847, 277, 773
847, 277, 773
848, 155, 910
811, 119, 884
741, 15, 880
665, -122, 886
665, -122, 886
605, -172, 829
544, -261, 768
485, -434, 845
441, -655, 896
406, -818, 882
367, -901, 810
278, -971, 753
278, -971, 753
202, -1077, 870
137, -1137, 934
72, -1112, 868
-10, -1063, 841
-56, -1012, 865
-48, -973, 938
13, -953, 986
-,-,-
758, 773, 886
856, 702, 839
862, 624, 946
844, 567, 1034
820, 562, 1030
820, 562, 1030
823, 544, 979
818, 468, 853
798, 335, 792
752, 222, 767
686, 148, 716
686, 148, 716
628, 84, 702
586, 2, 731
549, -88, 763
549, -88, 763
508, -153, 724
432, -196, 737
357, -272, 764
316, -365, 818
272, -511, 916
211, -652, 976
163, -801, 954
163, -801, 954
127, -962, 1011
128, -1071, 1082
113, -1148, 1067
-,-,-
633, 711, 949
628, 711, 907
628, 719, 907
665, 778, 789
683, 784, 812
706, 769, 872
709, 770, 910
709, 770, 910
712, 775, 916
728, 758, 865
755, 714, 836
769, 641, 819
769, 641, 819
781, 545, 826
783, 437, 850
776, 348, 832
770, 276, 824
732, 191, 765
732, 191, 765
676, 103, 797
613, -50, 793
520, -196, 892
398, -307, 865
287, -438, 799
287, -438, 799
188, -633, 779
100, -858, 854
-2, -1011, 854
-91, -1103, 844
-119, -1157, 835
-108, -1201, 858
-61, -1249, 898
8, -1313, 1008
-,-,-
605, 764, 643
594, 690, 812
596, 697, 1070
625, 807, 989
690, 865, 661
690, 865, 661
739, 750, 719
757, 592, 874
745, 519, 856
744, 495, 757
784, 427, 681
784, 427, 681
813, 260, 661
790, 111, 694
732, -70, 791
673, -246, 949
673, -246, 949
627, -348, 901
556, -442, 776
488, -604, 952
435, -739, 1103
366, -840, 1126
275, -954, 1120
199, -1032, 985
166, -1133, 894
148, -1211, 956
148, -1211, 987
105, -1145, 987
77, -1032, 961
70, -993, 919
122, -1052, 908
-,-,-
677, 774, 1190
694, 964, 922
659, 1112, 703
639, 1102, 839
639, 1102, 839
627, 1032, 885
629, 985, 880
733, 920, 784
834, 729, 671
891, 512, 576
891, 512, 576
904, 339, 629
905, 207, 662
975, 64, 663
1037, -86, 761
1037, -86, 761
998, -258, 717
869, -389, 817
723, -478, 962
598, -519, 962
475, -599, 874
316, -712, 885
173, -888, 992
173, -888, 992
96, -1037, 1102
60, -1096, 1056
25, -1092, 1007
-30, -1088, 993
-68, -1087, 954
-46, -1100, 894
0, -1130, 909
-,-,-
412, 684, 741
538, 639, 647
602, 579, 745
602, 579, 745
632, 521, 937
708, 499, 1030
797, 477, 1006
823, 408, 1014
790, 365, 921
790, 365, 921
746, 363, 907
719, 344, 938
707, 309, 1055
687, 287, 967
671, 221, 852
671, 221, 852
624, 120, 796
517, -90, 833
406, -287, 893
346, -452, 767
310, -607, 718
310, -607, 718
227, -695, 826
110, -686, 988
9, -672, 1024
-29, -681, 945
-59, -765, 810
-86, -862, 793
-110, -976, 912
-110, -976, 912
-143, -1063, 1084
-,-,-
625, 828, 1113
693, 865, 979
727, 796, 890
727, 796, 890
731, 682, 816
749, 528, 957
763, 459, 1092
807, 507, 991
820, 461, 855
820, 461, 855
803, 293, 883
736, 136, 927
655, 29, 921
609, -33, 820
609, -33, 820
566, -168, 722
489, -309, 739
359, -498, 839
257, -637, 835
224, -733, 714
179, -828, 729
179, -828, 729
104, -911, 798
15, -996, 878
-11, -1057, 923
-18, -1087, 877
-58, -1132, 884
-89, -1172, 953
-72, -1184, 975
-46, -1182, 975
-,-,-
421, 886, 915
566, 916, 867
606, 860, 876
689, 677, 792
689, 677, 792
765, 477, 917
806, 350, 1016
812, 234, 986
774, 119, 995
709, 21, 973
709, 21, 973
611, -48, 912
510, -102, 897
434, -175, 814
382, -273, 888
382, -273, 888
326, -386, 974
269, -413, 961
220, -437, 779
179, -498, 798
142, -637, 912
92, -758, 967
46, -818, 923
46, -818, 923
15, -855, 855
-6, -882, 869
-38, -949, 888
-33, -1044, 970
-19, -1087, 1041
-22, -1054, 1017
1, -1035, 992
1, -1035, 992
-,-,-
503, 759, 724
514, 673, 976
527, 780, 1102
568, 883, 830
583, 882, 748
577, 802, 822
577, 802, 822
562, 740, 856
549, 736, 850
560, 712, 842
596, 656, 807
596, 656, 807
630, 586, 745
620, 478, 784
599, 367, 776
582, 244, 737
571, 82, 801
571, 82, 801
562, -69, 854
542, -123, 881
512, -218, 963
486, -363, 1115
466, -491, 1118
466, -491, 1118
435, -553, 1044
397, -669, 998
342, -803, 1045
281, -907, 1052
209, -961, 1023
162, -1010, 970
134, -1110, 921
128, -1245, 974
123, -1351, 1061
106, -1317, 1071
-,-,-
561, 812, 1043
595, 853, 1069
641, 924, 830
641, 924, 830
637, 900, 698
614, 784, 777
599, 697, 864
595, 697, 827
604, 691, 727
604, 691, 727
597, 597, 712
567, 475, 770
542, 405, 822
517, 353, 843
517, 353, 843
507, 312, 821
505, 209, 854
509, 76, 926
500, -30, 899
500, -30, 899
465, -88, 877
455, -265, 935
463, -470, 999
446, -632, 996
406, -764, 1035
329, -878, 1069
245, -985, 1068
245, -985, 1068
180, -1123, 1047
112, -1224, 1033
57, -1269, 1071
12, -1275, 1102
-23, -1244, 1142
-,-,-
627, 814, 851
655, 773, 995
619, 761, 1077
633, 728, 908
633, 728, 908
642, 710, 800
646, 618, 841
647, 523, 874
660, 448, 883
660, 448, 883
661, 382, 839
642, 290, 761
617, 149, 760
587, 38, 787
508, -81, 772
508, -81, 772
437, -79, 803
396, -128, 754
369, -268, 912
333, -335, 957
278, -315, 962
278, -315, 962
197, -359, 1012
156, -491, 1021
124, -647, 1011
55, -766, 967
-28, -854, 945
-41, -921, 945
8, -978, 878
8, -978, 878
-,-,-
643, 854, 925
643, 854, 925
589, 903, 870
575, 881, 906
580, 804, 945
619, 761, 818
634, 672, 726
634, 672, 726
646, 507, 749
651, 353, 804
660, 238, 811
652, 132, 767
652, 132, 767
644, -38, 835
617, -165, 891
569, -179, 883
515, -200, 813
477, -333, 975
446, -456, 1142
446, -456, 1142
400, -568, 1056
304, -608, 928
204, -621, 882
148, -731, 923
105, -869, 1002
59, -954, 942
15, -1028, 866
0, -1066, 863
0, -1066, 863
-18, -1034, 875
-,-,-
755, 716, 934
745, 725, 745
701, 640, 731
701, 640, 731
670, 492, 747
626, 398, 745
588, 395, 733
567, 401, 698
567, 401, 698
558, 379, 686
556, 294, 798
575, 191, 890
577, 67, 908
577, 67, 908
585, -61, 827
575, -211, 897
525, -365, 959
463, -515, 1019
382, -643, 1022
268, -718, 988
199, -788, 957
199, -788, 957
174, -902, 946
133, -976, 1003
77, -1043, 985
54, -1050, 921
72, -1067, 902
106, -1077, 944
110, -1047, 970
-,-,-
604, 628, 951
631, 638, 879
617, 594, 666
617, 594, 666
640, 448, 643
667, 315, 713
646, 214, 844
612, 190, 862
612, 190, 862
578, 136, 871
565, 25, 909
544, -79, 952
489, -119, 879
412, -186, 916
412, -186, 916
362, -291, 894
350, -381, 938
310, -482, 1055
263, -537, 948
218, -627, 868
187, -803, 907
170, -1020, 1031
143, -1136, 1071
115, -1168, 1028
60, -1188, 981
60, -1188, 981
-,-,-
637, 802, 842
615, 842, 775
615, 842, 775
628, 786, 878
645, 748, 978
685, 786, 960
727, 762, 956
727, 762, 956
760, 665, 1001
776, 566, 990
783, 446, 936
786, 296, 807
779, 124, 779
779, 124, 779
733, 16, 795
651, -46, 798
588, -133, 805
555, -262, 865
530, -383, 922
530, -383, 922
459, -478, 953
356, -622, 963
291, -760, 946
219, -897, 943
115, -1056, 1017
58, -1144, 995
38, -1156, 910
-,-,-
596, 1034, 942
641, 1075, 860
663, 1075, 781
672, 983, 739
672, 983, 739
676, 807, 857
694, 692, 932
749, 661, 806
776, 579, 756
776, 579, 756
780, 440, 782
761, 327, 833
726, 224, 759
679, 106, 709
640, -2, 762
640, -2, 762
597, -120, 849
550, -172, 880
507, -234, 847
445, -333, 889
388, -465, 955
388, -465, 955
351, -626, 982
314, -749, 925
250, -827, 875
-,-,-
644, 768, 913
617, 736, 917
617, 736, 917
630, 687, 817
632, 605, 849
628, 499, 856
633, 362, 859
644, 260, 853
644, 260, 853
636, 163, 870
618, 89, 902
583, -8, 891
561, -88, 916
561, -88, 916
524, -173, 905
474, -216, 863
394, -279, 891
318, -319, 928
282, -362, 944
247, -435, 866
247, -435, 866
193, -574, 882
151, -723, 935
94, -810, 983
44, -865, 983
-5, -952, 913
-5, -952, 913
-45, -1052, 892
-,-,-
573, 788, 982
617, 744, 890
610, 772, 874
583, 731, 852
578, 642, 886
595, 599, 897
595, 599, 897
602, 565, 821
607, 510, 786
605, 437, 779
609, 376, 784
609, 376, 784
588, 318, 803
573, 203, 874
566, 91, 886
552, 32, 890
552, 32, 890
547, -41, 931
514, -155, 981
464, -276, 982
412, -409, 991
386, -499, 993
386, -499, 993
318, -576, 979
239, -650, 1002
179, -850, 926
156, -1073, 888
126, -1246, 866
78, -1288, 868
50, -1270, 862
-,-,-
450, 530, 904
504, 596, 921
491, 651, 860
491, 651, 860
516, 666, 926
519, 608, 959
520, 540, 917
542, 491, 888
565, 476, 877
565, 476, 877
571, 452, 828
577, 379, 834
567, 278, 882
533, 161, 823
533, 161, 823
506, 38, 832
462, -56, 884
409, -176, 870
364, -406, 943
332, -650, 956
332, -650, 956
297, -821, 925
247, -960, 967
183, -1047, 947
118, -1127, 890
79, -1212, 881
71, -1235, 903
75, -1195, 881
-,-,-
664, 1048, 901
730, 1018, 1030
731, 940, 1099
741, 824, 959
744, 728, 891
748, 573, 899
757, 444, 959
757, 444, 959
788, 346, 912
783, 212, 842
741, 88, 794
684, -21, 813
684, -21, 813
638, -85, 800
560, -177, 788
429, -358, 819
311, -528, 828
190, -636, 845
190, -636, 845
66, -727, 832
26, -922, 949
50, -1159, 1041
87, -1289, 986
84, -1325, 960
67, -1262, 989
54, -1133, 1049
54, -1133, 1049
-,-,-
513, 855, 865
513, 855, 865
520, 849, 996
569, 800, 1047
584, 772, 1045
603, 687, 999
631, 586, 1001
631, 586, 1001
650, 541, 922
635, 471, 846
584, 327, 833
553, 146, 905
520, -62, 964
520, -62, 964
469, -156, 935
384, -237, 882
301, -399, 850
274, -651, 865
236, -856, 935
163, -877, 1026
80, -924, 922
80, -924, 922
49, -1027, 855
31, -1152, 787
0, -1173, 894
-25, -1162, 927
-22, -1087, 956
-3, -1024, 932
-3, -1024, 932
33, -959, 956
55, -882, 962
-,-,-
702, 861, 922
729, 756, 1054
720, 649, 948
720, 649, 948
659, 594, 910
613, 615, 1030
619, 628, 942
627, 533, 907
626, 420, 981
626, 420, 981
608, 330, 948
572, 231, 843
515, 64, 967
444, -63, 934
444, -63, 934
386, -158, 738
333, -296, 675
238, -470, 797
153, -619, 942
124, -688, 777
108, -795, 761
108, -795, 761
71, -956, 896
64, -1093, 991
65, -1138, 1044
56, -1135, 998
30, -1114, 1012
1, -1057, 1055
-5, -961, 1028
-,-,-
498, 737, 987
498, 737, 987
502, 713, 875
549, 676, 740
577, 592, 844
602, 455, 982
602, 455, 982
607, 422, 1067
606, 460, 949
576, 419, 879
545, 291, 842
529, 159, 862
529, 159, 862
455, 32, 920
356, -44, 884
339, -124, 838
338, -262, 828
280, -453, 921
280, -453, 921
208, -700, 1037
147, -837, 1021
90, -893, 932
50, -977, 928
4, -1063, 1023
-16, -1071, 1020
-39, -973, 981
-39, -973, 981
-55, -857, 953
-42, -788, 938
7, -763, 949
102, -718, 994
173, -600, 1021
-,-,-
664, 729, 1043
662, 697, 977
662, 697, 977
706, 623, 948
726, 506, 955
724, 382, 891
687, 310, 793
687, 310, 793
640, 231, 783
603, 110, 704
558, 4, 762
480, -28, 803
480, -28, 803
400, -71, 818
357, -187, 785
307, -359, 836
235, -489, 851
165, -602, 908
136, -662, 881
136, -662, 881
108, -803, 905
85, -921, 1030
74, -952, 1023
56, -931, 936
63, -960, 906
74, -1020, 917
74, -1020, 917
71, -1014, 972
-,-,-
582, 721, 966
631, 645, 832
676, 512, 791
690, 378, 807
656, 264, 915
656, 264, 915
612, 237, 886
612, 132, 847
605, 35, 864
560, -71, 880
560, -71, 880
486, -166, 854
400, -278, 900
322, -404, 918
294, -507, 944
267, -630, 950
199, -711, 952
199, -711, 952
125, -788, 973
64, -872, 937
35, -919, 897
2, -927, 844
-43, -936, 875
-43, -936, 875
-64, -961, 905
-54, -956, 945
-,-,-
512, 860, 833
531, 848, 799
531, 848, 799
581, 764, 806
614, 634, 838
637, 513, 909
673, 446, 881
688, 354, 898
688, 354, 898
692, 205, 894
698, 64, 891
666, -108, 887
608, -259, 941
519, -259, 977
519, -379, 977
432, -455, 1044
360, -545, 1013
284, -679, 1064
204, -798, 1016
138, -888, 1038
81, -966, 971
3, -1020, 928
3, -1020, 858
-54, -1069, 858
-98, -1120, 788
-142, -1118, 745
-152, -1069, 659
-,-,-
596, 726, 871
664, 675, 895
721, 622, 768
752, 495, 707
752, 495, 707
776, 297, 828
770, 145, 978
759, 126, 937
723, 24, 840
672, -133, 859
672, -133, 859
609, -304, 990
525, -380, 978
441, -428, 979
378, -479, 929
336, -590, 968
275, -641, 951
275, -641, 951
201, -690, 921
146, -766, 873
107, -878, 845
60, -958, 867
-6, -957, 876
-59, -947, 852
-59, -947, 852
-72, -955, 820
-45, -975, 825
-,-,-
650, 702, 915
654, 716, 825
655, 816, 689
663, 815, 643
667, 708, 727
667, 708, 727
670, 617, 909
688, 571, 875
731, 508, 772
754, 388, 726
736, 256, 789
736, 256, 789
717, 137, 776
669, 38, 756
617, -94, 837
581, -227, 865
581, -227, 865
529, -350, 915
415, -459, 911
313, -651, 1027
239, -823, 1038
200, -936, 907
142, -1011, 873
72, -1144, 958
27, -1241, 963
27, -1241, 963
-17, -1238, 892
-61, -1173, 856
-,-,-
639, 734, 854
699, 659, 982
634, 690, 1090
599, 741, 931
599, 741, 931
585, 690, 907
613, 572, 993
629, 513, 1074
621, 524, 993
621, 524, 993
612, 489, 913
609, 388, 855
592, 271, 822
553, 138, 749
539, 25, 739
539, 25, 739
527, -95, 805
511, -206, 869
469, -381, 899
445, -494, 959
445, -494, 940
397, -577, 940
330, -655, 915
285, -751, 1003
220, -842, 1029
142, -847, 1049
69, -828, 1042
26, -863, 981
-,-,-
354, 482, 1048
439, 467, 949
495, 413, 906
495, 413, 906
516, 349, 963
547, 303, 1094
569, 385, 1185
572, 517, 1098
552, 536, 1004
552, 536, 1004
556, 463, 1016
541, 427, 1025
493, 402, 976
464, 312, 891
481, 166, 933
481, 166, 933
484, 34, 940
375, -69, 930
273, -15, 902
169, -152, 860
161, -319, 867
161, -319, 867
189, -580, 923
158, -828, 1070
80, -994, 1054
97, -1108, 926
117, -1242, 787
136, -1355, 709
128, -1615, 947
83, -1550, 1335
-,-,-
647, 705, 804
651, 612, 723
651, 612, 723
641, 399, 810
655, 304, 951
610, 312, 1000
567, 250, 961
548, 138, 834
548, 138, 834
537, 10, 927
512, -92, 954
446, -194, 1029
396, -313, 1044
353, -474, 982
319, -583, 879
319, -583, 879
256, -676, 877
174, -758, 1018
122, -825, 1074
89, -835, 970
56, -906, 844
11, -972, 837
11, -972, 837
-22, -974, 868
-41, -918, 941
-17, -841, 953
51, -860, 917
99, -905, 973
-,-,-
632, 507, 1138
658, 566, 1029
603, 671, 833
571, 710, 808
605, 705, 911
633, 687, 933
633, 687, 933
698, 696, 957
699, 641, 867
710, 670, 960
728, 619, 907
728, 619, 907
768, 481, 910
796, 350, 886
763, 290, 866
725, 258, 766
699, 61, 743
699, 61, 743
700, -200, 896
677, -327, 891
573, -375, 879
457, -446, 815
387, -632, 749
387, -632, 749
334, -907, 764
251, -1159, 776
123, -1327, 777
-,-,-
817, 1084, 1153
848, 1054, 1024
808, 1023, 950
795, 970, 817
803, 929, 700
803, 929, 700
807, 865, 755
834, 801, 838
874, 745, 805
900, 656, 780
921, 501, 735
921, 501, 735
933, 340, 707
919, 196, 764
842, 97, 784
761, -8, 740
761, -8, 740
715, -171, 670
619, -410, 725
472, -637, 788
401, -854, 814
335, -1012, 778
255, -1169, 777
255, -1169, 777
199, -1345, 915
198, -1516, 1001
189, -1542, 1039
-,-,-
652, 942, 904
732, 842, 896
818, 723, 1017
818, 723, 1017
852, 720, 1081
849, 730, 907
911, 574, 842
949, 429, 948
950, 370, 1026
950, 370, 1026
947, 344, 1004
959, 175, 956
951, -37, 856
853, -251, 812
705, -469, 850
621, -660, 798
621, -660, 798
568, -832, 758
482, -961, 791
370, -1055, 856
296, -1134, 914
201, -1180, 868
76, -1165, 784
-39, -1129, 713
-,-,-
620, 915, 852
601, 894, 883
617, 915, 718
648, 922, 589
704, 808, 734
704, 808, 734
744, 713, 844
766, 678, 863
777, 625, 877
813, 512, 817
813, 512, 817
803, 355, 808
752, 248, 857
664, 96, 805
552, -101, 803
458, -309, 925
458, -309, 925
392, -458, 923
335, -578, 881
231, -711, 957
146, -843, 990
114, -951, 938
75, -1014, 889
41, -1025, 850
41, -1025, 850
26, -1089, 912
36, -1140, 900
23, -1150, 877
9, -1100, 890
55, -1063, 887
-,-,-
587, 795, 649
605, 751, 724
605, 751, 724
653, 712, 767
681, 727, 714
726, 616, 647
764, 414, 751
764, 414, 751
771, 225, 854
760, 100, 861
719, -37, 833
638, -213, 856
570, -372, 919
570, -372, 919
530, -475, 941
437, -565, 950
343, -701, 983
284, -862, 1008
231, -957, 1011
156, -988, 981
86, -976, 927
86, -976, 927
67, -1050, 1017
60, -1094, 976
43, -1115, 975
23, -1081, 960
14, -987, 934
49, -919, 953
49, -919, 953
158, -907, 1008
256, -926, 1071
-,-,-
616, 604, 986
573, 713, 811
573, 713, 811
610, 750, 717
635, 615, 783
643, 506, 969
631, 441, 970
631, 441, 970
613, 383, 856
603, 232, 849
576, 90, 855
522, -34, 889
522, -34, 889
447, -92, 918
384, -160, 836
362, -263, 843
319, -435, 909
258, -621, 1017
200, -705, 965
148, -778, 899
148, -778, 899
95, -908, 915
59, -1025, 947
49, -1082, 990
7, -1057, 932
-20, -1006, 931
-6, -987, 970
-6, -987, 970
43, -979, 1002
132, -979, 1089
186, -959, 1167
-,-,-
613, 448, 1043
628, 488, 980
628, 488, 980
674, 534, 861
673, 501, 829
661, 336, 867
644, 196, 967
609, 72, 990
609, 72, 990
579, 4, 943
534, -123, 893
467, -256, 930
421, -401, 949
421, -401, 949
384, -594, 1011
357, -662, 985
293, -712, 859
220, -811, 895
174, -898, 999
121, -915, 1041
55, -813, 948
55, -813, 948
1, -783, 838
-29, -854, 912
-30, -907, 990
-27, -874, 973
-1, -880, 959
-1, -880, 959
82, -961, 1044
-,-,-
532, 801, 1006
611, 876, 869
629, 970, 790
629, 970, 790
672, 983, 933
696, 900, 1111
704, 833, 1047
727, 790, 974
746, 745, 864
746, 745, 864
765, 665, 793
757, 540, 759
734, 351, 726
697, 177, 740
622, 29, 748
622, 29, 748
546, -181, 720
481, -512, 787
434, -900, 918
348, -1119, 1037
252, -1131, 960
186, -1227, 981
149, -1373, 1029
114, -1373, 1005
114, -1473, 1005
70, -1382, 1036
44, -1190, 994
47, -1050, 993
-,-,-
465, 976, 963
496, 898, 909
512, 840, 775
541, 802, 631
541, 802, 631
567, 694, 674
603, 558, 862
598, 527, 936
600, 491, 890
621, 413, 840
621, 413, 840
621, 298, 815
608, 165, 891
564, 48, 937
488, -31, 1010
488, -31, 1010
425, -112, 1018
418, -223, 1004
454, -372, 1002
431, -533, 1071
345, -693, 1115
233, -791, 1041
130, -888, 903
36, -1013, 835
-31, -1112, 825
-55, -1195, 893
-55, -1195, 893
-55, -1162, 909
-61, -1081, 827
-49, -1038, 871
0, -984, 950
82, -924, 1007
-,-,-
455, 891, 1184
498, 1023, 775
526, 975, 671
546, 837, 815
541, 782, 951
509, 826, 895
509, 826, 895
550, 769, 825
599, 616, 915
602, 487, 935
575, 372, 936
575, 372, 936
577, 309, 875
565, 205, 874
523, 42, 968
459, -10, 933
459, -10, 933
401, -100, 857
379, -206, 927
325, -280, 868
256, -466, 851
210, -682, 998
174, -723, 948
129, -783, 917
129, -783, 917
89, -916, 951
75, -1071, 1002
78, -1091, 1040
-,-,-
457, 920, 882
457, 920, 882
440, 931, 795
404, 869, 788
382, 834, 775
377, 805, 896
377, 805, 896
409, 805, 954
439, 778, 893
462, 637, 823
479, 470, 944
490, 419, 985
490, 419, 985
473, 361, 941
473, 288, 1006
479, 154, 1006
460, 27, 960
460, 27, 960
437, -116, 854
389, -289, 931
329, -453, 955
279, -600, 989
239, -712, 982
192, -781, 944
192, -781, 944
140, -852, 981
100, -932, 993
55, -958, 962
20, -964, 945
-16, -930, 952
-,-,-
436, 1152, 953
452, 1139, 907
473, 1030, 872
496, 900, 836
516, 814, 766
515, 703, 774
515, 703, 774
527, 612, 860
551, 485, 915
566, 410, 922
540, 311, 860
540, 311, 860
504, 236, 856
498, 128, 932
481, -18, 1021
413, -108, 1016
353, -195, 921
337, -349, 875
337, -349, 875
335, -545, 1017
278, -736, 1111
198, -831, 1116
117, -833, 992
71, -879, 900
46, -976, 956
19, -1077, 1013
15, -1073, 949
15, -1073, 949
4, -1012, 956
21, -945, 966
60, -873, 984
127, -827, 1050
-,-,-
519, 622, 951
539, 600, 956
539, 600, 956
572, 509, 968
572, 372, 1031
574, 243, 1148
571, 198, 1149
549, 143, 1015
493, 31, 886
493, 31, 886
416, -85, 850
346, -91, 740
303, -174, 636
264, -348, 851
264, -348, 851
216, -430, 904
149, -459, 792
109, -490, 673
90, -612, 671
110, -802, 843
134, -958, 1096
186, -1097, 1191
189, -1142, 1080
174, -1185, 1101
162, -1189, 1241
-,-,-
572, 980, 1177
572, 980, 1177
562, 1121, 978
566, 1179, 742
558, 1117, 761
545, 956, 866
545, 843, 900
549, 814, 844
549, 814, 844
583, 773, 763
640, 644, 781
687, 442, 811
698, 257, 815
698, 257, 815
681, 98, 824
635, 4, 884
542, -79, 853
466, -191, 837
466, -191, 837
426, -358, 891
381, -467, 922
317, -547, 919
256, -681, 1008
228, -820, 1072
189, -930, 1057
160, -955, 1019
140, -1031, 1048
142, -1080, 1081
163, -1054, 1142
194, -999, 1139
194, -999, 1139
220, -949, 1138
-,-,-
459, 911, 724
459, 911, 724
520, 847, 960
573, 831, 993
629, 845, 969
676, 861, 793
676, 861, 793
688, 801, 820
713, 695, 927
712, 649, 939
704, 615, 872
704, 615, 872
704, 477, 868
712, 319, 828
693, 181, 788
643, 91, 742
582, -50, 824
582, -50, 824
520, -182, 857
438, -298, 841
388, -447, 837
381, -637, 909
323, -779, 960
247, -894, 1003
247, -894, 1003
186, -993, 1050
157, -1064, 1019
144, -1163, 1024
161, -1205, 1040
157, -1161, 1068
147, -1068, 1075
150, -973, 1075
-,-,-
415, 941, 1052
473, 999, 996
489, 1016, 793
507, 890, 680
515, 732, 857
515, 732, 857
531, 593, 976
575, 552, 902
632, 462, 854
657, 291, 906
657, 291, 906
645, 149, 965
599, 70, 977
575, 18, 959
538, -53, 995
538, -53, 995
493, -162, 1026
442, -232, 943
392, -343, 949
346, -445, 954
309, -596, 979
272, -751, 1001
200, -848, 919
200, -848, 919
127, -970, 900
84, -1058, 854
37, -1124, 828
8, -1170, 889
8, -1173, 920
27, -1093, 923
-,-,-
569, 1145, 1124
646, 1147, 1160
676, 1180, 1041
685, 1168, 835
694, 1049, 670
704, 863, 688
723, 714, 733
723, 714, 733
741, 649, 744
787, 533, 623
800, 329, 644
758, 122, 758
675, -42, 780
675, -42, 780
611, -193, 831
576, -388, 873
519, -577, 864
460, -812, 883
420, -1037, 978
354, -1168, 1013
274, -1222, 989
203, -1241, 953
203, -1241, 953
145, -1268, 942
82, -1223, 945
-,-,-
435, 936, 1137
527, 895, 1134
588, 927, 784
613, 846, 852
645, 784, 950
697, 744, 1011
697, 744, 1011
743, 727, 1015
758, 698, 916
743, 585, 877
747, 444, 972
736, 361, 974
736, 361, 974
731, 307, 810
695, 114, 698
661, -88, 719
603, -341, 729
484, -513, 779
484, -513, 779
385, -618, 672
315, -781, 640
273, -989, 753
211, -1150, 961
130, -1192, 1124
55, -1096, 967
50, -1125, 846
54, -1207, 972
54, -1207, 972
67, -1175, 1007
-,-,-
586, 835, 1342
684, 934, 899
689, 1015, 775
689, 1015, 775
724, 960, 1127
781, 957, 1326
905, 889, 1154
968, 729, 961
966, 517, 919
927, 425, 872
927, 425, 872
856, 348, 762
791, 162, 779
736, -28, 712
669, -162, 627
569, -338, 536
569, -338, 536
467, -561, 547
393, -827, 675
320, -994, 815
246, -1009, 795
186, -1074, 796
135, -1166, 942
140, -1241, 996
119, -1234, 1008
57, -1171, 947
57, -1171, 947
42, -1141, 906
54, -1116, 943
161, -1081, 894
301, -1087, 957
338, -1070, 1130
321, -1015, 1154
-,-,-
599, 935, 1245
654, 899, 1103
654, 899, 1103
725, 801, 919
771, 689, 952
788, 586, 1002
781, 504, 999
784, 434, 1025
784, 434, 1025
804, 295, 1000
783, 142, 929
718, 7, 819
648, -129, 830
578, -271, 720
501, -463, 652
501, -463, 652
452, -648, 716
369, -775, 807
266, -830, 939
200, -853, 866
184, -970, 845
124, -1066, 939
72, -1092, 902
72, -1092, 902
17, -1102, 921
-9, -1120, 957
23, -1134, 912
90, -1163, 915
124, -1204, 1012
-,-,-
566, 826, 1022
554, 845, 930
552, 850, 990
564, 816, 967
600, 759, 985
600, 759, 985
645, 653, 984
678, 555, 1019
687, 456, 1012
694, 314, 947
690, 136, 866
690, 136, 866
658, -21, 803
600, -136, 780
507, -180, 729
441, -294, 714
385, -457, 902
361, -530, 970
361, -530, 970
326, -604, 864
295, -698, 881
282, -851, 994
253, -971, 1109
219, -1031, 1024
171, -1073, 981
125, -1119, 958
130, -1194, 937
-,-,-
573, 870, 1241
701, 811, 999
762, 679, 855
762, 679, 855
800, 477, 898
780, 322, 933
746, 265, 935
736, 246, 883
717, 167, 868
717, 167, 868
688, 73, 824
622, -29, 733
537, -127, 728
448, -164, 694
371, -247, 708
371, -247, 708
307, -349, 859
278, -439, 859
281, -539, 835
250, -642, 852
187, -777, 1057
174, -869, 1070
190, -940, 971
190, -940, 971
193, -1039, 963
187, -1081, 1051
176, -1071, 1078
-,-,-
655, 837, 909
616, 775, 888
616, 775, 888
636, 700, 1141
698, 646, 1170
758, 647, 1000
761, 501, 814
740, 300, 853
710, 152, 831
710, 152, 831
632, 73, 818
557, 11, 829
517, -76, 810
517, -76, 810
495, -242, 794
470, -383, 871
417, -519, 972
334, -646, 1057
267, -726, 1105
243, -802, 997
207, -920, 961
155, -1084, 993
155, -1084, 993
107, -1186, 1018
59, -1174, 941
-,-,-
624, 915, 1059
609, 1043, 1013
596, 1196, 730
600, 1231, 740
628, 1115, 894
615, 1016, 1022
603, 988, 959
603, 988, 959
644, 946, 843
707, 822, 833
756, 668, 787
760, 529, 786
760, 529, 786
748, 432, 778
769, 262, 725
772, 58, 750
712, -168, 774
619, -302, 884
619, -302, 884
534, -344, 868
506, -493, 818
475, -651, 942
455, -801, 1021
388, -885, 1081
308, -923, 1048
236, -916, 999
172, -934, 996
172, -934, 996
136, -977, 1051
114, -987, 1062
96, -952, 1029
104, -889, 947
145, -869, 965
220, -875, 1015
293, -886, 1048
349, -870, 1036
393, -785, 962
-,-,-
595, 863, 821
595, 863, 821
686, 754, 896
703, 606, 951
692, 495, 1043
707, 440, 1025
707, 440, 1025
738, 338, 806
771, 166, 706
739, -42, 836
636, -168, 933
539, -242, 864
469, -297, 813
469, -297, 813
409, -421, 810
347, -541, 885
279, -696, 965
220, -780, 986
186, -808, 872
127, -842, 944
127, -842, 944
81, -865, 944
43, -905, 950
31, -901, 940
18, -853, 901
21, -792, 919
21, -792, 919
73, -792, 958
163, -837, 1017
229, -875, 1059
302, -915, 1059
360, -905, 1029
-,-,-
653, 833, 1023
786, 783, 1064
763, 636, 1067
759, 478, 1109
759, 478, 1109
758, 378, 996
766, 265, 816
742, 89, 826
682, -64, 891
587, -148, 886
587, -148, 886
499, -219, 835
410, -317, 853
352, -402, 845
310, -526, 850
285, -634, 888
255, -718, 896
196, -797, 913
196, -797, 913
128, -796, 908
96, -839, 829
77, -900, 895
49, -915, 955
54, -930, 933
54, -930, 933
84, -986, 963
129, -1039, 1024
191, -1089, 1047
-,-,-
628, 438, 982
632, 467, 835
642, 510, 754
676, 475, 741
726, 354, 805
727, 192, 929
727, 192, 929
676, 190, 894
623, 196, 825
575, 151, 861
554, 37, 862
554, 37, 862
526, -74, 892
446, -148, 963
354, -179, 996
306, -257, 984
296, -372, 983
296, -372, 983
268, -476, 886
207, -598, 886
154, -671, 941
128, -732, 986
88, -737, 1010
36, -711, 826
36, -711, 826
41, -792, 838
67, -882, 922
111, -924, 943
170, -1001, 977
217, -1131, 1054
303, -1235, 1128
-,-,-
492, 676, 1054
550, 616, 901
550, 616, 901
664, 516, 766
734, 406, 822
771, 265, 961
755, 222, 996
755, 222, 996
694, 241, 968
638, 212, 1054
639, 233, 971
644, 169, 840
606, 71, 894
606, 71, 894
552, -33, 899
520, -144, 869
470, -269, 858
428, -395, 875
358, -483, 827
358, -483, 827
262, -586, 947
188, -621, 1005
134, -657, 943
145, -797, 993
141, -948, 1061
124, -1061, 1031
130, -1161, 1035
141, -1214, 949
128, -1225, 915
-,-,-
662, 1194, 1133
688, 1052, 1159
750, 889, 1071
822, 686, 931
822, 686, 931
837, 517, 844
847, 315, 867
826, 186, 788
790, -1, 739
790, -1, 739
731, -142, 820
601, -193, 712
470, -287, 675
429, -463, 781
394, -604, 822
332, -638, 811
332, -638, 811
233, -659, 889
145, -666, 933
119, -752, 903
115, -878, 991
90, -935, 1023
52, -927, 961
52, -927, 961
31, -968, 914
31, -1002, 876
-,-,-
311, 909, 839
502, 859, 821
570, 741, 1037
598, 652, 1272
598, 652, 1272
629, 675, 1250
728, 635, 1046
757, 527, 948
743, 399, 929
729, 265, 779
669, 76, 918
669, 76, 918
605, -50, 888
527, -81, 805
460, -184, 670
392, -289, 665
392, -289, 665
330, -488, 753
278, -563, 797
218, -616, 807
164, -703, 944
126, -786, 996
105, -769, 912
80, -770, 942
80, -770, 942
88, -855, 928
122, -994, 1057
165, -1083, 1092
199, -1118, 1089
219, -1140, 1147
-,-,-
506, 876, 1181
506, 876, 1181
541, 742, 1121
597, 644, 973
642, 557, 903
659, 510, 1022
649, 437, 1055
664, 325, 996
664, 325, 996
676, 202, 933
625, 102, 913
554, 78, 884
503, 49, 791
503, 49, 791
480, -29, 755
455, -148, 828
441, -239, 887
378, -254, 813
378, -254, 818
311, -254, 818
298, -266, 787
295, -414, 835
283, -650, 1008
267, -785, 988
215, -829, 820
158, -911, 731
135, -1024, 799
135, -1024, 799
158, -1141, 812
173, -1247, 882
-,-,-
663, 933, 1052
663, 933, 1052
717, 877, 984
770, 728, 1004
782, 620, 1036
770, 587, 1065
768, 570, 968
797, 455, 862
797, 455, 862
783, 290, 848
742, 165, 849
706, 78, 807
654, 0, 827
654, 0, 827
597, -86, 799
565, -188, 720
507, -364, 737
426, -479, 816
426, -479, 816
361, -552, 817
302, -675, 870
235, -775, 1009
165, -812, 950
112, -865, 881
80, -940, 900
55, -1016, 916
55, -1016, 916
33, -1049, 891
-,-,-
513, 1047, 1128
575, 1105, 941
545, 1131, 758
574, 997, 680
574, 997, 680
600, 774, 878
652, 640, 1011
710, 630, 1019
751, 597, 968
770, 510, 905
770, 510, 905
800, 360, 838
802, 160, 893
775, 42, 903
714, -65, 832
662, -150, 867
662, -150, 867
599, -251, 912
532, -353, 864
479, -427, 738
412, -580, 872
328, -690, 1010
243, -733, 965
205, -752, 870
205, -752, 870
170, -811, 890
125, -847, 916
81, -894, 917
68, -944, 900
66, -986, 848
66, -986, 848
83, -1043, 887
-,-,-
463, 977, 981
463, 977, 981
507, 964, 986
560, 933, 895
618, 824, 737
636, 706, 824
636, 706, 824
637, 683, 976
668, 669, 918
716, 582, 904
750, 434, 866
746, 288, 780
746, 288, 780
707, 146, 793
671, 26, 841
633, -88, 830
578, -239, 824
578, -239, 824
500, -368, 895
410, -465, 958
365, -522, 910
311, -647, 969
246, -743, 1026
195, -841, 1022
130, -915, 1023
62, -944, 913
62, -944, 913
22, -983, 854
-,-,-
533, 1174, 917
526, 1183, 974
560, 1118, 917
560, 1118, 917
579, 955, 844
623, 778, 812
649, 613, 934
685, 551, 928
698, 510, 898
698, 510, 898
694, 385, 910
678, 262, 860
674, 148, 755
687, -11, 785
687, -11, 785
646, -106, 914
558, -189, 855
480, -303, 860
460, -392, 794
425, -493, 859
354, -613, 1000
263, -699, 1056
214, -752, 976
214, -752, 976
192, -825, 905
142, -888, 944
92, -959, 937
25, -1025, 1000
-14, -964, 1044
-8, -866, 946
-8, -866, 946
-,-,-
430, 1043, 910
484, 986, 894
487, 908, 921
538, 785, 781
538, 785, 781
566, 688, 682
585, 580, 770
618, 525, 939
611, 516, 932
611, 516, 932
618, 473, 949
632, 388, 905
640, 251, 841
632, 147, 792
609, 40, 782
609, 40, 782
581, -69, 895
530, -199, 989
490, -320, 970
486, -396, 886
428, -481, 888
428, -481, 888
356, -594, 977
282, -776, 1023
222, -901, 1074
169, -878, 999
84, -808, 920
19, -826, 875
19, -826, 875
16, -903, 835
-,-,-
408, 900, 1118
492, 1009, 933
487, 1128, 727
485, 1054, 697
485, 1054, 697
501, 875, 875
521, 715, 989
571, 704, 931
615, 657, 815
638, 550, 742
638, 550, 742
663, 358, 852
692, 208, 977
679, 75, 935
650, -12, 915
650, -12, 915
635, -29, 868
586, -122, 873
544, -227, 928
504, -284, 897
464, -426, 886
439, -564, 913
439, -564, 913
384, -690, 910
322, -780, 903
271, -870, 896
221, -981, 896
163, -1069, 893
113, -1187, 981
-,-,-
571, 1128, 1112
653, 1048, 999
678, 957, 851
684, 870, 766
695, 766, 859
723, 697, 901
723, 697, 901
742, 621, 915
764, 567, 894
772, 478, 823
780, 318, 856
780, 318, 856
752, 143, 926
705, 83, 868
639, 10, 791
604, -134, 835
604, -134, 835
563, -324, 919
484, -490, 968
368, -540, 973
284, -561, 869
232, -725, 893
175, -912, 1074
128, -975, 1040
67, -968, 948
67, -968, 948
-2, -983, 865
-46, -1031, 820
-54, -1016, 811
-27, -984, 789
-,-,-
518, 971, 1288
558, 933, 1199
591, 936, 923
614, 807, 787
635, 629, 800
641, 503, 966
641, 503, 966
629, 473, 999
625, 487, 872
645, 439, 796
628, 354, 766
577, 314, 841
577, 314, 841
570, 243, 740
580, 89, 735
599, -91, 659
553, -287, 785
553, -287, 785
489, -408, 935
445, -508, 892
419, -572, 946
382, -694, 1035
344, -838, 1029
283, -967, 1079
237, -989, 991
178, -997, 894
178, -997, 894
90, -1020, 864
-,-,-
497, 1235, 1023
643, 1114, 768
668, 926, 654
709, 689, 737
736, 523, 871
736, 523, 871
786, 466, 845
825, 337, 754
813, 143, 810
753, -24, 919
753, -24, 919
721, -150, 903
662, -202, 855
624, -251, 854
578, -364, 938
526, -498, 1032
449, -599, 1071
368, -671, 978
368, -671, 978
302, -757, 937
251, -856, 899
-,-,-
545, 797, 1149
545, 797, 1149
601, 748, 1223
704, 779, 1014
744, 732, 813
757, 519, 830
765, 307, 929
764, 199, 858
764, 199, 858
737, 97, 782
694, 13, 757
635, -64, 803
597, -143, 802
597, -143, 802
531, -214, 875
497, -301, 866
461, -419, 861
415, -625, 948
370, -726, 1006
295, -789, 981
195, -858, 978
195, -858, 978
125, -956, 924
87, -1067, 851
-,-,-
262, 166, 1154
277, 209, 914
286, 320, 733
355, 297, 797
355, 297, 797
435, 231, 1093
476, 323, 1250
503, 480, 1110
521, 537, 1040
565, 489, 1035
600, 354, 939
600, 354, 939
620, 216, 924
588, 91, 965
565, 3, 859
554, -127, 808
554, -127, 808
523, -320, 866
473, -500, 929
421, -689, 950
370, -892, 1017
308, -1053, 1002
237, -1171, 925
124, -1185, 866
39, -1195, 829
-31, -1181, 772
-,-,-
688, 460, 864
769, 421, 811
727, 325, 831
727, 325, 831
730, 129, 934
712, 0, 1009
671, -98, 850
578, -200, 773
475, -272, 932
475, -272, 932
392, -324, 957
346, -419, 913
292, -518, 979
245, -616, 988
214, -748, 965
189, -892, 959
189, -892, 959
122, -988, 953
57, -1003, 931
5, -984, 922
-9, -992, 922
-10, -969, 917
23, -938, 947
-,-,-
644, 790, 912
571, 865, 927
571, 865, 927
532, 890, 883
533, 810, 971
622, 764, 973
709, 720, 919
709, 720, 919
710, 705, 845
706, 626, 762
756, 455, 866
805, 293, 1006
800, 204, 1063
800, 204, 1063
778, 178, 816
759, 101, 631
756, -132, 712
673, -431, 919
549, -608, 1098
431, -597, 998
349, -645, 806
349, -645, 806
278, -849, 974
255, -1040, 1232
221, -1108, 1181
161, -1100, 1063
121, -1119, 1072
122, -1195, 1052
126, -1218, 1032
-,-,-
728, 449, 1093
724, 566, 902
780, 616, 743
780, 616, 743
809, 564, 864
809, 518, 1074
789, 523, 1016
788, 503, 803
784, 373, 761
784, 373, 761
758, 239, 840
680, 179, 823
614, 124, 731
578, -8, 661
578, -8, 661
541, -204, 666
463, -408, 771
348, -531, 888
232, -599, 946
162, -674, 959
162, -674, 959
147, -788, 962
113, -904, 1053
84, -1024, 1084
52, -1079, 1045
29, -1109, 1054
42, -1131, 1034
-,-,-
650, 858, 819
618, 790, 855
618, 790, 855
674, 774, 954
717, 758, 940
743, 709, 919
755, 660, 992
767, 598, 889
767, 598, 889
778, 459, 825
739, 313, 900
668, 163, 858
621, -17, 805
621, -17, 805
582, -200, 737
489, -390, 611
328, -582, 574
181, -760, 821
106, -848, 982
67, -883, 889
67, -883, 889
37, -949, 781
34, -1037, 824
31, -1130, 983
39, -1184, 1073
-,-,-
671, 647, 996
781, 702, 893
813, 699, 701
813, 699, 701
836, 624, 657
836, 453, 758
825, 328, 951
828, 216, 887
851, 36, 861
851, 36, 861
814, -140, 856
709, -287, 858
580, -315, 833
449, -343, 801
359, -433, 816
359, -433, 816
326, -617, 879
285, -770, 936
235, -922, 956
151, -991, 960
107, -1026, 918
101, -1148, 896
111, -1245, 892
-,-,-
717, 740, 988
758, 719, 859
767, 723, 785
777, 680, 971
777, 680, 971
806, 610, 965
796, 564, 964
761, 483, 940
737, 428, 899
697, 400, 862
697, 400, 862
652, 359, 830
626, 264, 752
619, 101, 700
577, -40, 672
577, -40, 672
465, -184, 678
341, -302, 720
299, -432, 746
263, -567, 864
212, -690, 978
141, -778, 960
106, -868, 945
106, -868, 945
116, -969, 896
131, -1070, 981
142, -1164, 1081
134, -1217, 1101
-,-,-
590, 845, 968
591, 764, 1087
591, 764, 1087
681, 728, 962
740, 670, 817
757, 578, 941
752, 534, 984
731, 421, 893
731, 421, 893
724, 258, 859
709, 109, 869
662, 66, 815
629, 29, 599
629, 29, 599
548, -123, 657
462, -275, 763
379, -470, 850
315, -591, 884
272, -609, 851
272, -609, 851
211, -672, 803
157, -798, 921
124, -964, 1057
96, -1049, 1067
112, -1098, 1051
124, -1123, 1030
89, -1080, 1035
-,-,-
713, 829, 970
670, 861, 941
670, 861, 941
673, 799, 1072
696, 657, 1150
734, 596, 1073
756, 596, 946
761, 582, 919
761, 582, 919
746, 559, 900
734, 517, 893
731, 435, 852
708, 361, 762
683, 247, 689
683, 247, 689
654, 77, 629
607, -119, 697
531, -275, 762
429, -329, 735
370, -401, 626
370, -401, 626
315, -524, 749
276, -744, 965
241, -905, 1115
205, -929, 1025
171, -962, 894
159, -1061, 958
-,-,-
657, 1154, 807
701, 986, 1012
658, 806, 1235
693, 691, 1155
766, 665, 766
766, 665, 766
790, 639, 726
788, 587, 853
747, 600, 899
697, 610, 830
696, 543, 732
696, 543, 732
734, 404, 662
742, 246, 651
696, 55, 714
629, -81, 847
629, -81, 847
599, -144, 779
576, -269, 711
511, -439, 831
442, -612, 930
395, -823, 1054
355, -951, 1105
300, -1056, 1052
245, -1115, 970
245, -1115, 970
191, -1208, 949
-,-,-
681, 664, 1050
674, 706, 1037
674, 706, 1037
727, 756, 880
775, 689, 737
845, 615, 959
876, 602, 1232
846, 677, 1119
846, 677, 1119
872, 623, 953
918, 462, 830
885, 309, 851
800, 221, 768
728, 170, 673
728, 170, 673
687, 72, 651
637, -65, 675
548, -223, 641
465, -332, 686
419, -460, 663
419, -460, 663
353, -701, 886
293, -809, 908
231, -874, 838
197, -892, 825
166, -978, 837
198, -1166, 955
312, -1367, 1038
-,-,-
730, 920, 1001
719, 857, 902
719, 857, 902
760, 760, 862
817, 631, 844
847, 573, 865
832, 591, 933
832, 591, 933
791, 596, 847
786, 527, 717
767, 406, 672
745, 339, 706
701, 282, 687
701, 282, 687
659, 174, 680
640, 8, 720
626, -136, 666
557, -294, 652
557, -294, 652
455, -523, 902
397, -722, 1025
358, -892, 1044
304, -1035, 1093
235, -1124, 1075
-,-,-
572, 954, 1072
610, 958, 1011
687, 863, 848
740, 730, 784
748, 640, 976
748, 640, 976
729, 591, 1105
724, 597, 1103
757, 574, 995
778, 426, 859
739, 268, 859
684, 227, 772
684, 227, 772
631, 188, 655
575, 51, 878
526, 32, 946
526, 32, 946
486, 47, 791
432, 27, 656
397, -121, 764
366, -341, 937
315, -341, 1068
315, -510, 1068
260, -576, 1056
208, -584, 901
188, -707, 896
173, -904, 1090
162, -994, 1197
131, -969, 1138
-,-,-
670, 1179, 992
670, 1058, 931
695, 894, 897
695, 894, 897
693, 777, 806
695, 650, 786
739, 577, 798
764, 528, 820
764, 528, 820
757, 477, 825
738, 442, 806
719, 338, 771
706, 224, 705
706, 224, 705
671, 136, 703
622, 88, 703
584, 33, 772
540, -57, 777
540, -57, 777
505, -243, 894
455, -402, 1045
400, -484, 968
343, -555, 957
303, -657, 1096
284, -719, 1136
264, -802, 1113
241, -910, 1068
212, -1009, 1014
212, -1009, 1014
208, -1080, 959
-,-,-
524, 1031, 896
605, 834, 883
652, 665, 888
716, 597, 740
716, 597, 740
725, 546, 727
702, 453, 900
702, 395, 895
730, 337, 873
730, 337, 873
730, 265, 891
735, 196, 769
709, 90, 607
659, 0, 767
659, 0, 767
-,-,-
689, 971, 972
713, 988, 1078
718, 1035, 869
701, 1003, 776
683, 909, 847
719, 800, 901
719, 800, 899
723, 721, 899
726, 671, 807
731, 572, 764
740, 435, 856
733, 392, 822
733, 392, 822
711, 355, 793
685, 291, 809
682, 170, 737
665, 4, 725
665, 4, 725
593, -165, 877
464, -246, 966
369, -260, 865
361, -393, 878
346, -625, 1021
346, -625, 1021
300, -858, 1166
250, -1020, 1158
201, -1096, 1095
126, -1138, 1055
55, -1150, 989
27, -1136, 950
-,-,-
491, 1093, 973
584, 978, 674
593, 819, 713
610, 672, 826
610, 672, 826
615, 611, 961
634, 626, 913
663, 594, 846
666, 496, 865
666, 496, 865
673, 338, 887
658, 176, 867
614, 111, 831
552, 69, 735
499, -4, 870
499, -4, 870
476, -53, 987
481, -151, 916
449, -333, 886
410, -553, 975
410, -553, 975
359, -787, 1137
298, -910, 1250
216, -933, 1126
171, -1068, 1070
141, -1234, 1105
80, -1330, 1114
-,-,-
512, 1190, 942
529, 1145, 744
593, 932, 837
593, 932, 837
638, 710, 1061
634, 621, 1072
655, 602, 848
663, 494, 731
673, 372, 745
673, 372, 745
683, 218, 796
658, 100, 1020
622, 68, 1006
626, 46, 886
602, -35, 815
602, -35, 815
551, -151, 944
466, -335, 1046
377, -508, 1165
290, -459, 1124
253, -466, 855
182, -632, 887
155, -854, 1011
155, -854, 1011
122, -1059, 1121
85, -1105, 1111
75, -1119, 1028
-,-,-
465, 1267, 826
472, 1256, 797
459, 1185, 736
473, 1045, 838
527, 895, 963
594, 819, 935
594, 819, 935
631, 814, 746
635, 670, 720
660, 475, 804
687, 319, 820
687, 319, 820
684, 182, 822
661, 121, 785
644, 35, 830
612, -94, 922
612, -94, 922
567, -253, 1031
522, -385, 1102
489, -500, 1106
440, -597, 1092
374, -718, 1147
309, -772, 1184
251, -814, 1146
184, -891, 1096
131, -1012, 1059
101, -1127, 1056
73, -1130, 1028
58, -1098, 1006
78, -1104, 1035
-,-,-
489, 1029, 898
489, 1029, 898
485, 897, 839
508, 771, 734
526, 633, 768
551, 573, 852
555, 548, 843
555, 548, 843
552, 476, 814
538, 353, 860
505, 246, 874
463, 156, 847
463, 156, 847
415, 55, 893
364, -21, 991
305, -60, 962
212, -77, 934
212, -77, 934
150, -92, 901
145, -229, 900
148, -445, 947
134, -608, 933
95, -717, 966
95, -717, 994
36, -798, 994
37, -937, 948
78, -1138, 1038
103, -1201, 1098
85, -1171, 1153
55, -1124, 1198
-,-,-
514, 1102, 972
572, 1055, 1093
601, 1043, 1056
650, 992, 883
698, 892, 967
712, 795, 1043
712, 795, 1043
702, 684, 1034
698, 592, 926
680, 480, 718
634, 402, 685
543, 388, 715
543, 388, 715
471, 326, 720
446, 161, 825
436, 59, 879
423, -67, 796
423, -67, 811
409, -256, 811
395, -506, 1004
372, -753, 1159
358, -874, 1063
307, -958, 949
262, -1064, 1009
195, -1150, 1039
122, -1190, 1007
54, -1074, 956
16, -957, 984
16, -957, 984
80, -921, 944
192, -983, 992
-,-,-
635, 1167, 992
658, 1006, 1157
638, 934, 1123
638, 830, 907
672, 729, 843
704, 607, 876
704, 607, 876
711, 531, 907
679, 519, 879
637, 499, 727
622, 413, 748
622, 413, 748
600, 340, 749
541, 261, 760
481, 219, 871
472, 197, 853
470, 65, 808
470, 65, 808
444, -109, 867
391, -336, 992
325, -434, 1015
259, -430, 907
230, -590, 892
230, -590, 892
210, -823, 1029
192, -1045, 1029
148, -1174, 927
114, -1310, 898
113, -1414, 938
143, -1384, 970
244, -1382, 1093
282, -1344, 1217
-,-,-
682, 1139, 982
731, 952, 1080
758, 774, 1189
838, 714, 1039
838, 714, 1039
872, 663, 859
891, 556, 843
893, 414, 884
882, 271, 922
857, 230, 936
857, 230, 936
814, 232, 755
778, 107, 717
736, -43, 788
630, -208, 871
513, -343, 979
513, -343, 979
416, -396, 890
318, -473, 818
252, -542, 827
231, -704, 842
175, -913, 1002
93, -1006, 998
37, -1053, 819
37, -1053, 819
-6, -1116, 787
-10, -1201, 932
-14, -1170, 1019
-2, -1065, 953
43, -1036, 941
125, -1064, 983
234, -1132, 1039
-,-,-
606, 1094, 816
606, 1094, 816
611, 1054, 708
627, 976, 807
659, 907, 911
726, 891, 913
786, 813, 764
786, 813, 764
790, 653, 771
781, 502, 826
783, 389, 741
765, 250, 738
765, 250, 738
710, 155, 861
631, 4, 873
587, -112, 857
550, -192, 833
481, -328, 887
481, -328, 887
401, -456, 1067
333, -552, 1046
294, -650, 1042
280, -726, 957
242, -838, 958
179, -984, 1038
136, -1117, 1043
90, -1160, 1002
36, -1099, 895
25, -1030, 931
25, -1030, 931
94, -1074, 1017
181, -1112, 1100
-,-,-
475, 1175, 750
548, 967, 855
612, 808, 1015
699, 744, 876
743, 649, 627
743, 649, 627
747, 531, 648
748, 463, 844
716, 366, 832
661, 250, 846
607, 139, 819
607, 139, 819
587, 1, 843
573, -121, 844
520, -263, 952
454, -403, 1042
378, -501, 1053
378, -501, 1053
398, -649, 926
387, -816, 997
342, -995, 1139
269, -1131, 1135
189, -1216, 1012
90, -1284, 918
12, -1287, 916
-,-,-
724, 644, 767
724, 644, 767
754, 452, 845
798, 318, 795
796, 165, 717
747, 13, 931
747, 13, 931
689, -98, 993
646, -145, 949
612, -227, 997
541, -308, 1070
440, -387, 1076
349, -453, 1024
349, -453, 1024
316, -576, 905
272, -758, 988
203, -915, 1004
140, -1019, 930
84, -1096, 803
3, -1161, 840
-65, -1157, 847
-84, -1085, 802
-43, -1062, 861
-43, -1062, 861
3, -1043, 962
93, -1020, 1008
-,-,-
721, 950, 856
721, 950, 856
759, 817, 783
828, 666, 974
843, 579, 983
815, 524, 833
827, 363, 774
827, 363, 774
812, 166, 823
725, -11, 837
593, -64, 812
496, -28, 633
496, -28, 633
480, -171, 664
453, -359, 935
349, -485, 1060
253, -527, 937
225, -589, 803
210, -783, 775
186, -1111, 1085
162, -1293, 1249
162, -1293, 1249
127, -1334, 1049
39, -1305, 969
-36, -1228, 963
-,-,-
617, 1082, 966
648, 1021, 1155
717, 1011, 969
790, 989, 662
790, 989, 662
833, 846, 629
868, 636, 746
858, 458, 794
855, 330, 821
855, 330, 821
842, 250, 732
787, 146, 790
743, 0, 804
673, -212, 936
589, -331, 954
589, -331, 954
488, -436, 897
409, -573, 936
346, -749, 907
291, -957, 894
223, -1107, 972
148, -1127, 864
52, -1147, 822
52, -1147, 822
-18, -1181, 838
-41, -1179, 805
-,-,-
649, 977, 986
633, 972, 826
633, 972, 826
638, 879, 886
655, 737, 998
719, 696, 977
757, 678, 913
757, 678, 913
744, 586, 838
722, 453, 860
690, 304, 809
686, 191, 715
653, 69, 652
653, 69, 652
585, -35, 774
522, -110, 832
451, -165, 818
389, -270, 798
389, -270, 798
340, -413, 893
316, -522, 946
299, -661, 982
238, -783, 1084
190, -838, 1002
171, -942, 949
137, -1040, 1013
132, -1099, 955
110, -1135, 988
78, -1092, 1097
78, -1092, 1097
-,-,-
536, 1062, 927
655, 1016, 864
685, 894, 1008
705, 811, 1238
705, 811, 1238
741, 824, 1289
819, 785, 1174
853, 614, 1089
846, 426, 1072
794, 332, 961
748, 251, 830
748, 251, 830
694, 159, 770
649, 3, 783
600, -155, 836
541, -233, 720
451, -279, 575
451, -279, 575
354, -383, 669
297, -624, 858
269, -801, 1132
239, -858, 952
152, -850, 705
56, -1000, 811
20, -1220, 1110
20, -1220, 1110
7, -1238, 1059
1, -1090, 707
-73, -1023, 739
-44, -1066, 955
32, -1110, 1044
122, -1056, 1030
193, -990, 976
264, -925, 1016
-,-,-
545, 983, 1004
639, 889, 710
681, 797, 770
704, 761, 987
681, 757, 1035
681, 757, 1035
709, 661, 879
776, 472, 709
776, 196, 745
719, -7, 859
719, -7, 859
602, -58, 846
513, -40, 825
494, -54, 810
476, -236, 903
439, -437, 1089
439, -437, 1089
367, -594, 1147
295, -617, 1028
243, -637, 889
224, -776, 925
201, -960, 1077
158, -1102, 1129
125, -1115, 966
80, -1157, 901
52, -1158, 959
75, -1153, 1020
75, -1153, 1020
-,-,-
595, 778, 1013
595, 778, 1013
653, 732, 1015
676, 666, 971
694, 538, 891
710, 442, 859
665, 393, 890
665, 393, 890
607, 332, 798
590, 283, 670
588, 211, 637
590, 81, 750
569, -97, 941
569, -97, 941
495, -169, 1106
435, -186, 1048
445, -280, 790
401, -540, 812
327, -789, 1091
235, -920, 1187
186, -919, 998
186, -919, 998
132, -1007, 848
63, -1102, 951
32, -1130, 989
10, -1092, 949
6, -1028, 998
38, -975, 1042
88, -927, 1076
88, -927, 1076
-,-,-
291, 470, 909
291, 470, 909
355, 406, 890
399, 402, 964
364, 551, 837
374, 597, 681
374, 597, 681
454, 596, 933
505, 692, 1153
536, 744, 983
550, 659, 823
574, 557, 785
574, 557, 785
585, 424, 763
592, 179, 806
549, 93, 889
502, 91, 765
502, 91, 765
463, -94, 722
449, -421, 961
414, -720, 1187
353, -834, 1145
315, -965, 913
251, -1083, 1003
248, -1205, 1199
195, -1335, 1297
195, -1335, 1297
85, -1253, 1108
8, -1199, 879
-1, -1154, 937
52, -1140, 1001
-,-,-
619, 528, 912
619, 528, 912
603, 473, 988
648, 403, 967
733, 205, 901
734, 26, 915
734, 26, 915
675, -47, 943
634, -145, 974
591, -242, 972
525, -296, 1024
445, -278, 1004
388, -302, 929
388, -302, 929
320, -416, 1017
257, -586, 1019
206, -725, 915
149, -822, 835
106, -912, 910
53, -961, 916
-3, -1010, 818
-3, -1010, 818
-71, -1014, 805
-133, -907, 791
-167, -801, 725
-142, -825, 877
-49, -859, 982
19, -895, 1027
65, -930, 1082
121, -949, 1064
218, -994, 1062
218, -994, 1062
337, -1036, 1100
-,-,-
591, 736, 815
699, 613, 953
733, 572, 1199
741, 667, 979
741, 667, 979
740, 612, 798
795, 373, 905
801, 158, 1000
763, 54, 915
709, -16, 755
709, -16, 755
638, -74, 689
524, -125, 627
480, -282, 647
463, -504, 925
450, -639, 949
450, -639, 949
377, -808, 1008
267, -829, 1103
195, -793, 1001
161, -902, 986
145, -1056, 1220
122, -1103, 1255
112, -1116, 1123
84, -1123, 1027
85, -1057, 1033
151, -1042, 1052
-,-,-
673, 939, 943
673, 939, 943
695, 909, 981
734, 896, 968
754, 864, 996
767, 778, 994
767, 778, 994
773, 579, 927
784, 393, 926
772, 234, 946
716, 73, 848
716, 73, 848
633, 27, 799
504, -25, 714
360, -103, 722
239, -225, 784
239, -225, 784
128, -321, 710
61, -379, 557
31, -491, 591
27, -677, 876
25, -786, 932
25, -786, 932
7, -791, 903
48, -915, 905
94, -1077, 1006
183, -1229, 1184
221, -1306, 1323
-,-,-
644, 1144, 970
637, 1286, 701
639, 1190, 695
643, 1081, 883
654, 1016, 1013
695, 993, 1020
762, 964, 919
762, 964, 919
808, 846, 894
859, 710, 847
867, 563, 763
879, 380, 722
879, 168, 847
879, 168, 847
839, 42, 821
774, -21, 681
719, -149, 744
642, -338, 926
642, -338, 926
592, -562, 1055
525, -726, 1094
450, -835, 997
360, -932, 998
293, -1145, 1097
231, -1326, 1207
115, -1293, 1108
4, -1202, 925
-86, -1123, 829
-94, -1054, 800
-,-,-
513, 928, 783
609, 992, 628
600, 1006, 650
600, 1006, 650
620, 970, 907
641, 918, 1094
707, 966, 1084
777, 1013, 967
823, 907, 854
835, 761, 816
835, 761, 816
811, 626, 706
792, 496, 629
792, 338, 624
805, 129, 513
805, 129, 513
808, -72, 481
795, -189, 629
712, -195, 733
601, -299, 828
493, -461, 964
441, -672, 958
441, -672, 958
405, -907, 1052
318, -1117, 1281
238, -1204, 1316
173, -1275, 1225
119, -1324, 1220
65, -1304, 1205
29, -1221, 1116
-,-,-
703, 1110, 799
657, 1065, 726
657, 1065, 726
689, 1018, 942
683, 952, 973
684, 900, 819
720, 776, 726
724, 595, 705
724, 595, 705
714, 416, 657
684, 282, 641
630, 140, 628
560, 88, 652
560, 88, 652
555, -8, 769
557, -151, 946
506, -282, 1028
417, -367, 1006
380, -460, 986
402, -620, 1066
402, -620, 1066
356, -784, 1197
265, -897, 1193
177, -958, 1078
130, -1085, 1010
41, -1210, 973
-,-,-
669, 1125, 1036
669, 1125, 1036
567, 1239, 913
553, 1207, 778
598, 986, 892
671, 818, 1025
683, 845, 953
648, 836, 777
648, 836, 777
636, 724, 717
635, 594, 696
654, 483, 800
652, 465, 793
619, 365, 721
619, 365, 721
572, 251, 786
536, 163, 893
517, 83, 928
472, -40, 929
472, -40, 929
422, -248, 1035
388, -457, 1127
362, -685, 1109
316, -893, 1046
229, -1044, 974
156, -1194, 992
90, -1331, 977
9, -1338, 956
-,-,-
681, 1203, 1011
640, 1152, 1175
595, 1120, 900
585, 1024, 760
636, 859, 727
693, 699, 826
693, 699, 826
680, 633, 919
642, 614, 924
651, 534, 809
642, 386, 789
632, 239, 911
632, 239, 911
557, 215, 952
470, 167, 883
436, 31, 927
432, -99, 1033
432, -99, 1033
415, -272, 1101
314, -389, 1005
219, -540, 965
196, -721, 928
196, -1011, 1001
143, -1204, 1063
50, -1311, 958
-,-,-
539, 1255, 935
539, 1255, 935
525, 1206, 879
476, 1134, 777
482, 984, 742
559, 797, 803
641, 699, 873
641, 699, 873
681, 636, 836
681, 472, 824
678, 362, 833
657, 274, 764
659, 177, 808
659, 177, 808
612, 89, 913
542, 44, 919
464, 35, 853
464, 35, 853
434, -63, 953
407, -167, 1051
360, -282, 1061
292, -389, 1132
242, -522, 1113
212, -622, 1031
160, -727, 992
108, -810, 1014
108, -810, 1014
105, -930, 948
-,-,-
472, 1012, 929
466, 1025, 911
521, 960, 847
630, 872, 875
735, 824, 1116
803, 782, 1089
803, 782, 1089
840, 662, 877
842, 511, 790
840, 372, 755
823, 243, 830
765, 146, 871
765, 146, 871
696, 84, 797
665, 22, 674
599, -94, 747
538, -225, 881
538, -225, 881
458, -356, 970
377, -492, 949
305, -669, 900
225, -876, 978
130, -1025, 1063
43, -1095, 1044
